eomf/data/ecohealth/dem.asc
ncols         992
nrows         717
xllcorner     68.144226
yllcorner     5.633471
cellsize      0.041667
NODATA_value  -9999
[rows 0 to 29 of 43, columns 476 to 543 of 992]
4903.52 4909.48 4900.56 4891.24 4869.76 4843.52 4833.52 4815.28 4822.8 4823.76 4825.4 4811.88 4811 4838.16 4834.76 4853 4861.44 4862 4912.04 4985.76 5040.92 5074 5153.28 5140.44 5047.56 4971.08 4914.6 4874.64 4902.08 4919.48 4957.8 5017.08 5110.72 5137.92 5076.44 5062.16 5083.36 5279.16 5477.24 5275.92 5153.44 5218.92 5335.12 5229.64 5062.32 5089.44 5157.48 5100.24 4967.88 4978.52 4954.8 4932.4 4945.44 4928.44 4932.96 4944.12 4994.92 5057.4 5101.32 5064.36 4939.72 4954.4 5124.88 5194.08 5174.36 5079.52 5015.08 5045.44
4960.6 4929.44 4930.48 4937.28 4913.72 4875.92 4849.04 4830.92 4812.36 4817.44 4811.36 4810.04 4834.72 4892.4 4850.64 4867.28 4866.4 4884.28 4910.36 4945.48 4951.36 5025.84 5102.04 5047 4928.52 4878.64 4831.48 4817.88 4815.6 4833.12 4824.64 4871 4873.6 4853.8 4894.88 4929.2 4977.12 5088.28 5113.24 5057.88 5058.96 5140.2 5077.36 5066.96 4964.48 4956.08 4960.28 4934.52 4931.72 4940.2 5039.28 5026.6 4931.48 4915.16 4959.96 4930.8 4916.28 4968.88 5024.08 4964.92 4909.04 4913.68 4955.92 5019.24 5073.56 5133.4 5129.96 5086
5074 4979.96 5031.76 5056.64 4983.32 4909.4 4875.64 4840.84 4809.76 4806 4808.96 4841.36 4893.6 4914.72 4973.64 5020.2 5028.4 4997.48 4895.76 4858 4870.72 4903.04 4922.56 4862.64 4820.2 4804.4 4801.36 4801.48 4805.08 4796.12 4775.04 4784.4 4796.88 4820.96 4847.32 4880.72 4912.92 4947.08 5065.48 5158.96 5088.28 5000.12 4972.84 4979.16 4905.32 4875.8 4878.48 4881 4889.52 4902.28 4900 4928.4 4917.24 4952.08 4921.12 4860 4900.08 4984.76 5008.16 4947.56 4886.68 4919.6 5000.72 5024.04 5105.2 5096.68 5122.84 5008.84
5126.64 5093.68 5156.84 5120.68 5060.32 4956.76 4896.16 4876.44 4895.4 4937.2 4986.64 4964.04 5001.72 5013.84 5031.12 4982.6 4929.24 4892.52 4851.16 4840.8 4825.92 4825.4 4831.96 4815.88 4802.88 4800.32 4797.16 4793.24 4792.8 4774.52 4771.88 4774.72 4793.64 4834.4 4898.16 4973.24 5036.08 5015.24 5035.56 5009.2 4909.28 4862.28 4857.76 4853.24 4843.88 4820.2 4823.52 4819.56 4837.84 4851.24 4860.28 4859.68 4844.52 4842.2 4850.84 4875.24 4874.64 4882.2 4895.24 4873.6 4844.36 4855.64 4891.16 4918.52 4927.64 4924.32 4927.12 4951.12
5063.52 5078.64 5166.56 5173.36 5096.76 4960.68 4858.36 4898.52 4946.16 5006 5117.96 5175.4 5259.84 5166.36 5230.6 5183 5023 4947.8 4896 4866.48 4852.28 4839.48 4832.2 4825.72 4815.48 4803.28 4797.92 4778.96 4771 4771 4771 4771 4777 4816.08 4875.76 4922.96 4921.92 4908.24 4893.76 4856.16 4808.16 4798.72 4800.72 4815.2 4808.36 4796.2 4789.92 4784.36 4811.12 4836.16 4832.36 4817.88 4806.44 4798.52 4807.92 4819.64 4845.2 4824.56 4811.92 4814.56 4812.48 4815.32 4828.68 4847.24 4845.2 4847.04 4881 4936.68
4994.64 4944.44 4929.4 4924.96 4922.68 4886.8 4869.64 4885.04 4940.76 4983.8 5055.08 5157.32 5323.04 5512.28 5537.8 5400.8 5247.76 5097.2 4977.72 4921.24 4891.88 4885.96 4869.88 4850.44 4836.88 4827.52 4824.92 4811.24 4801.32 4792.96 4782.28 4772.92 4771 4785.12 4817.8 4841.56 4868.72 4853.44 4846.76 4838.68 4800.04 4783.64 4778.64 4776.84 4774.96 4787.92 4768.16 4765.64 4785.28 4814.84 4817.76 4802.52 4783.96 4784.2 4780.04 4774.88 4772.44 4774.6 4778.08 4788.16 4792.48 4807.6 4848.28 4897.16 4879.72 4833.36 4899.44 4953.84
4907.64 4895 4884.72 4873.88 4881.84 4949.92 5004.72 4905.32 4905.4 4965.84 5044.8 5155.68 5297.92 5469.64 5683 5516.6 5397.16 5271.24 5109.32 4975.44 4960.56 4983.52 4977.56 4937.84 4876.36 4860.84 4856.36 4849.32 4837.08 4825.56 4812.04 4792.56 4771.36 4775.04 4795.08 4823.08 4799.56 4803.4 4838 4877.48 4882.04 4837.12 4833.16 4829.16 4808.56 4813.76 4771.68 4768.76 4775.52 4788.84 4787.68 4773.44 4771.76 4779.08 4785.32 4769 4769 4770.04 4769.24 4775 4781.84 4777.4 4801.76 4817.32 4839.8 4828.52 4886.08 4868.88
4911.28 4927.8 4954.88 4943.32 4943.76 4974.56 5042.04 4972.56 4919.16 4954.4 5016.96 5203.88 5292.36 5325.28 5365.96 5372.68 5329.48 5225.72 5129.28 5095.6 5117.48 5149.24 5206.68 5131.16 5030.4 4909.68 4901.48 4892.08 4874.64 4909.84 4849.88 4816.92 4803.04 4793.96 4792.4 4808.6 4828.2 4894.36 4981.12 5008.76 4988.04 4929.32 4907.12 4864.56 4840.48 4790.48 4777.08 4785.52 4793.4 4781.88 4785.76 4780.2 4778.16 4778 4777 4769.12 4769 4769 4769 4771.6 4769 4771.2 4769.6 4773.36 4787.8 4799.6 4817.48 4822.64
4971.24 5025.72 5081.44 5095.8 5097.28 5150.12 5099.2 4996.16 5023.92 5032.56 5060.92 5092.2 5194.72 5242.2 5335.96 5287.24 5166.12 5148.32 5056.36 5161.4 5208.16 5224.44 5188.68 5102.68 5016.64 4986.32 4956.52 4930 4896.6 4883 4861.12 4824.92 4825.8 4879.72 4883 4874.48 4886.76 4892.36 4939.08 5095.08 5176.16 5060.36 4922.76 4808.04 4789.2 4847.08 4927.56 4956.68 4928 4866.12 4827.48 4797.52 4782.32 4788.92 4804.04 4789.2 4780.24 4781.52 4805.16 4808.76 4845.2 4818.36 4808.4 4817.48 4845.48 4833.08 4833.76 4871.32
4864.64 4906.88 5001.08 5081 5190.08 5229.2 5182.4 5257.48 5276.24 5161.28 5125.4 5131.76 5350.12 5313.36 5230.88 5167.68 5106.28 5082.56 5052.92 5096.88 5238.68 5390.44 5204.84 5136.24 5081.2 5060.64 4987.16 4953.36 4931.08 4953.16 4921.92 4851 4857.2 4872.88 4925.52 4966.44 4998.4 5038.48 5041.32 5073 5058.88 4911.2 4832.6 4802.36 4803.04 4915.12 5022.44 5069.56 5063.68 5029.6 4953.44 4885.84 4857.76 4882.68 4844.92 4882.92 4845.08 4839.64 4875.28 4841.96 4845.72 4886.2 4858.84 4839.04 4848.8 4855.28 4857.32 4889.68
4890.64 4826 4906.28 4987.08 5042.96 5095.88 5153.92 5216.36 5170.96 5032.76 5015.28 5088.8 5219.72 5263.76 5218.64 5174.56 5182.08 5189.44 5109.68 5137 5236.28 5381 5249.92 5135.48 5109.8 5066.56 5017.76 5021.72 4996.04 5006.08 4994 4980.52 4901.92 4891.4 4936.72 4990.32 5044.2 5106.52 5176.32 5128.64 5006.28 4901.72 4852.28 4835.32 4837.44 4881.56 4984.52 5065.32 5166.48 5112.24 5051.28 5009.56 4978.48 4921.08 4853.92 4827.44 4831.04 4829.36 4823.56 4801.08 4787 4798 4808.12 4791.08 4797.2 4811.28 4851.84 4942.4
4983.64 4813.8 4829.24 4879.6 4894.16 4931.08 4959.6 5053.8 5088.12 5077.36 5050.44 5117.64 5141.52 5132.2 5126.28 5157.2 5182.64 5242.8 5334.28 5349.2 5294.64 5310.04 5275.2 5246.96 5137 5101.64 5080.72 5065.28 5019.6 4982.76 4956.52 4958.92 4902.24 4900.8 4933.88 4980.16 5043.04 5081.24 5104.08 5115.68 5032.92 4945.68 4906.6 4891.88 4900.24 4921.76 4912.76 4932.08 4973.4 4977.6 4945.04 4964.36 4934.64 4898.4 4885.84 4854.72 4849.56 4869.28 4835.68 4839.44 4825.24 4817.32 4798.36 4807.48 4815.96 4821.2 4838.84 4893.12
5012.48 4816.68 4834.6 4862.76 4870.08 4891.44 4920.08 4975.64 5083.52 5096.24 5106.76 5177.56 5102.84 5070.2 5150.12 5253.24 5303.36 5291.2 5274.76 5269.16 5311.48 5383 5312.76 5257.08 5091.84 5015.6 5030.76 5011.6 4967.8 4872.64 4826.88 4859.56 4893.32 4919.72 4977.2 5039.96 5125 5179.48 5204.2 5148.4 5097.04 5026.08 4986.16 4959.88 4991.24 4987.72 4952.24 4943.72 4932.48 4901.76 4883.96 4873.04 4874 4870.4 4851.68 4863.08 4867.6 4936.76 4931.08 4955.6 4938.84 4911.04 4855.24 4840.64 4839.6 4848.6 4861.72 4915.64
4846.4 4853.44 4893.52 4925.6 4955.24 4942.12 4934.84 5001.96 4998.72 5011.72 5027.76 5083.2 5011.84 5070.76 5146.96 5254.92 5311.68 5115.48 5165.88 5207.92 5187.08 5194.72 5127.48 5029.8 4957.8 4935.88 5004.08 5003.04 4967.04 4844.76 4831.76 4881.72 4927.96 4993.24 5087.04 5168.6 5299.84 5380.92 5455.04 5447.04 5396.56 5145.72 5076.84 5088.24 5156.72 5100.44 5030.76 5007.96 4963.88 4942.44 4914.16 4894.6 4909.12 4930.16 4938.8 4888.48 4880.2 4872.16 4914.68 4924.24 4933.88 4921.88 4889.76 4887.76 4872.12 4877.08 4868.92 4909.08
4934.8 5033.24 5031.48 4973.44 5015.48 5049.52 5019.76 4935.48 5039.64 4916.76 4897.4 4923.4 4936.88 5006.4 5005.24 4999.12 5006.96 5016.12 5014.04 5002.8 4970.16 4939.2 4902.8 4900.96 4887.32 4874.52 4909.36 4941.16 4948.44 4913.64 4871.68 4918 4954.88 5005.44 5080.84 5173.04 5264.48 5314.52 5628.6 5602.04 5341.72 5177.2 5227.28 5204.72 5341.64 5323.64 5165.76 5143.84 5075.6 5000.88 4983.24 4979.28 4964.04 4942.08 4907.16 4876.76 4864.12 4859.68 4872.76 4886.12 4922.04 4922.2 4928 4949.84 4942.52 4986.24 4934.96 4938.92
4962.84 5054.64 5102.12 5019.04 5001.72 4994.6 5086.04 5181.48 5175.64 5146.2 5093.4 5095.84 5100 5077.6 5017.76 4990.16 4965.16 4956 4934.52 4911.32 4897.04 4909.12 4905.52 4920.24 4910.96 4873.44 4877.76 4903.12 4918.68 4929.48 4906.12 4883.36 4910.08 4979.48 5038.56 5166.72 5202.12 5306.56 5386.96 5401.24 5271.48 5147.2 5120.48 5103.92 5163.08 5149.68 5127.36 5119.96 5004.24 4959.04 4934.56 4964.76 4935.28 4943.12 4881.84 4858 4857 4857 4857.28 4858.12 4858.6 4857.36 4859.88 4900.84 4904.56 4885 4958.52 5106.92
5003.6 5010.08 5007.08 4991.4 5036.92 5155.44 5259.84 5195.4 5135.72 5112.4 5087.84 5066.28 5023.32 5020.08 4973.64 4914.28 4897.92 4912 4903.08 4886.36 4876.08 4873.4 4882.08 4879.28 4914.72 4875.16 4871.08 4882.88 4915.36 4932 4915.68 4846.56 4856.24 4902.16 4948.64 5016.08 5124 5240.48 5235.76 5164.72 5114.84 5058.52 5033.28 5056.24 5127.48 5165.88 5093 5010.12 4996.76 4945.32 4911.44 4904.04 4895.32 4875.68 4871.04 4873.88 4858.48 4861.76 4889.76 4922.92 4917 4968 4933.2 4928.36 4917.64 4872.36 4949.16 4966.72
5005.2 5001.72 4980.76 5023.28 5065.04 5059.48 5031.8 5020.36 5010.92 5025.16 5036.8 5009.72 4992.56 4985.6 4984.52 4979.04 4944.84 4908.04 4924.92 4891.52 4894 4893.2 4871.64 4874.44 4858.76 4838.64 4853.16 4856.92 4897.16 4930.08 4884.4 4844.76 4855.64 4879.88 4913.72 4973.56 5128.48 5146.04 5149.08 5047.92 5038.72 5076.32 5071.36 5091.24 5100 5037.68 4989.16 4944.76 4955.04 4943.16 4917.96 4903.68 4900.92 4880.8 4872.4 4861.96 4858.08 4868.12 4876.08 4937.76 4911.2 4938.04 4971.92 4898.08 4860.2 4864.32 4922.84 4969.04
5019.72 5022.84 4994.24 4998.64 4939.92 4910.16 4925.36 4940.8 4954.96 4941.72 4958.4 4979.64 4997.84 4999.72 5039.64 5047.32 5011.52 4962.92 4961.36 4936.92 4934.96 4892.76 4898.56 4921.08 4895.84 4855.2 4857.28 4874 4865.52 4859.24 4854.28 4859.68 4867.84 4882.92 4899.36 4978.2 5116.56 5166.96 5045.2 5038.56 5108.28 5287.96 5287.84 5181.24 5084.16 5025.88 4984.64 4939.48 4919.48 4916.4 4909.24 4905.96 4910.48 4915.72 4891.48 4892.76 4876.4 4864.08 4857.36 4857 4863.8 4913.16 4864.92 4857 4857 4863.24 4893.6 4958.6
5035.96 5050.36 4954.8 4907.72 4879.56 4871.8 4879.52 4874.64 4884.92 4859.24 4865.4 4877.28 4863.64 4857.12 4904.24 4940.92 4892.4 4887.44 4884.52 4891.2 4880.68 4921.44 4954.28 4899.32 4849.52 4870.76 4854.08 4880.16 4921.6 4890.24 4862.08 4859.96 4896.84 4909.2 4937.68 5014.28 5074.44 5068.32 5060.32 5104.16 5210.52 5396.84 5371.96 5266.32 5189.4 5109.6 5018.04 4963.44 4946.6 4946.88 4938.52 4939.68 4935.6 4967.2 4918.76 4895.8 4877.36 4866.76 4861.68 4867.28 4865.68 4869.68 4869.76 4868.76 4865.12 4869.2 4909.16 4953.4
4943.08 4925.2 4905.68 4907.12 4890.48 4873.88 4851.64 4845.12 4840.6 4842.96 4851.76 4850.92 4842.12 4826.16 4813.76 4815.08 4806.92 4805.84 4806.92 4816.48 4869.64 4909.48 4955.08 4966.12 5015.24 4991.08 4946 4894.4 4869.12 4846.4 4872.84 4889.12 4906.56 4953.08 5062.64 5071.16 5071.64 5065.84 5056.4 5109.08 5218.12 5401.2 5476.32 5470.32 5299.6 5203.04 5200.4 5060.12 5019.32 4978.84 4969.48 4964.04 4951.6 4936.6 4946.4 4897.48 4878.68 4872.12 4863.52 4860.88 4870.36 4876.32 4879.76 4881.32 4876.64 4873.48 4888.04 4916.88
4979.44 5004.76 4967.68 4948.16 4947.76 4941.16 4874.56 4879.56 4879.52 4878.72 4861.6 4845.16 4836.32 4868.4 4869.36 4860.96 4866.32 4857.6 4860.12 4850.44 4829.8 4814.76 4809.12 4818.28 4841.4 4866.16 4867.24 4849.68 4833.6 4823.8 4848.08 4931.92 5032.04 5006.6 4986 5042 5112.56 5145.72 5096.88 5075.68 5119.36 5214.04 5320 5429.44 5410.56 5310.32 5165.48 5081.36 5056.96 5077.04 5028.08 4996.8 5011.36 4973.76 4966.6 5013.12 4984.6 4951.16 4887.72 4879.8 4888.48 4896.64 4900.08 4897.52 4889.84 4877.08 4866.92 4873.2
5009.24 4995.68 5037.96 5051.84 5001.24 4938.16 4945.8 4964.24 4989.6 4932.16 4885.8 4857.48 4845.72 4827.16 4813.08 4826.36 4856.56 4897.36 4924.56 4925.36 4896.84 4851 4812.76 4804 4804 4804 4810.76 4846.88 4831.56 4806.52 4842.36 4977.52 4954.96 5004.48 4998.24 5070.28 5097.92 5120.72 5104.96 5068.84 5107.92 5213.88 5320.56 5380.8 5295.36 5201.72 5140.08 5173.28 5205.96 5139.08 5055.92 5036.52 5091.68 5093.76 5087.24 5128.28 5115.76 5099 4977.96 4958.96 4937.84 4924.4 4923.28 4921.84 4905.92 4888.72 4875.56 4870.6
5009.84 5122.4 5138.36 5103.52 5035.4 4954.12 4928 4999.88 5003.32 4937.48 4927.48 4872.96 4821.36 4827.32 4832.88 4831.96 4846.44 4886.24 4953.2 4950.64 4908.44 4889.12 4823.96 4806.36 4804 4804 4811.72 4805.32 4813 4835.56 4855.76 4975.64 4884.96 4882.64 4944.76 5089.44 5094.16 5173.28 5120.8 5082.72 5142.64 5249.92 5443.12 5488.68 5362.24 5207.72 5156.56 5204.64 5210 5124.8 5097.84 5048.32 5145.84 5246.6 5179.76 5114.16 5162.88 5216.4 5133.52 5065.8 5033.16 4990.12 4972.68 4969.6 4931.16 4904.84 4889.72 4903.88
4958.76 5024.48 4961.4 4965.84 4914.04 4855.84 4930.44 4967.04 5026.28 4959.6 4927.04 4901.44 4877.6 4949.6 4929.04 4896.24 4868.32 4870.88 4885.12 4943.52 4914.84 4846.64 4820.64 4820.6 4825.64 4846.76 4874.2 4886.56 4917.84 4931.08 4869.76 4838.48 4856.6 4886 4906.2 4984.48 5094.56 5070.56 5048.12 5097.76 5155.32 5229.08 5383.68 5435.6 5396.92 5282.84 5244.48 5262.72 5229.12 5155.92 5098.8 5076.48 5139.08 5337.96 5267.6 5157.64 5217.72 5266.08 5147.88 5139.6 5126.52 5061.64 5014.08 5100.04 4987.6 4943.08 4911.8 4887.52
4933.6 4851.8 4829.8 4829.04 4838.36 4864.36 4947.32 5058.16 4974.24 4914.48 4883.2 4928.84 4977.36 5016.2 4913.32 4915.24 4887.16 4862.52 4859.16 4866.52 4906.16 4876.6 4839.76 4826.48 4839.32 4845.04 4868.84 4891.72 4957.36 4935.56 4884.96 4898.68 4857.08 4871.56 4897.28 4941.88 5029.04 4999.8 5043.64 5167.64 5161.96 5210.56 5381.92 5477.96 5448.92 5375.88 5279.84 5177.72 5185.36 5283.48 5245.08 5168.48 5161.28 5193.64 5231.6 5285.72 5281.32 5241.44 5131.92 5066.4 5050.12 5054.84 5159.08 5098 5025.56 4986.88 4941.72 4915.2
4822.6 4835.32 4882.76 4940.36 4950.24 5012.24 5019.2 5012.72 4924.76 4930.4 4923.76 4928.04 4924.92 4937.68 4944.52 4944.24 4947.04 4945.8 4926.44 4938.04 4898.92 4873.52 4852.24 4835.28 4836.96 4870.96 4876.12 4993.52 4922.88 4857.76 4861.92 4878.32 4913.72 4910.2 4929.52 5085.4 5201.92 5086.2 5121.4 5235.92 5200.4 5155.92 5258.88 5411.8 5468.68 5336.32 5249 5246.12 5299.72 5273.92 5237.2 5247.4 5185 5206.2 5264.84 5447.84 5390.84 5280.84 5157.72 5113.24 5189.12 5206.36 5253.88 5220.56 5099.32 5067.36 4941.08 4921.16
4883.64 5014.12 5147 5138.8 5054.52 5059.68 4985.56 4965.6 4962.72 4951.88 4967 5005.48 4977.84 5007.08 5001.48 4998.12 5039.88 5019.04 4992.32 4992.88 4942.16 4935.56 4934.88 4898.6 4866.52 4907.24 4885.8 4921.68 4944.76 4842.4 4906.56 4903.56 4908.08 4991.96 5039.76 5324.16 5357.48 5179 5156.28 5137.4 5113.76 5117.52 5197.16 5349.16 5487.12 5361.36 5281.8 5225.4 5277.04 5199.8 5168.16 5177.24 5226.12 5303.72 5371.92 5383.32 5238.44 5176.68 5159.08 5211.84 5186.92 5333 5346.88 5291.04 5179.52 5046.84 4989.36 4924.84
4996.16 5178.16 5212.16 5147.32 5084.32 5127.64 5023.68 5105.44 5131.92 5060.68 5097.12 5100.56 5000.12 5000.36 5021.76 5095.92 5152.32 5157.2 5052.2 5049.44 5031.48 5017.68 4999.24 5059.44 4921.52 4904.76 4900.32 4927.52 5018.4 5012.12 4944.96 5015.84 4967.24 5015.84 5141.04 5324.08 5342.2 5219.64 5238.56 5237.36 5185.8 5087.88 5132.64 5213.68 5333.16 5344.92 5269.84 5237.08 5165.24 5141.48 5156 5188.6 5196.4 5281 5344.36 5281.32 5260.48 5215.04 5258.16 5340.4 5265.32 5312.28 5295.84 5216.88 5219.36 5099.68 4973.2 4930.4
5217.32 5247.48 5145.08 5099.32 5060.64 5085.92 5068 5116.52 5120.4 5069.84 5059.48 5060.28 5043.88 5030.84 5017.64 5106.76 5192.52 5249 5162.68 5127 5149.36 5169.4 5078.72 5063.52 5054.4 4927.8 4943.32 4969.52 5040.44 5130.92 5017.28 5121.48 5096.52 5144.88 5264.96 5265.32 5202.84 5251.2 5329.8 5322.44 5245.96 5090 5115.24 5141.72 5184.36 5198 5188.16 5149.16 5093.96 5135.84 5220.92 5278.64 5272.16 5331.04 5386.2 5394.96 5388.88 5310.84 5300.6 5345.8 5444.4 5433 5412.12 5234.76 5189.24 5075.2 4994.2 4933.72
