eomf/data/ecohealth/dem.asc
ncols         992
nrows         717
xllcorner     68.144226
yllcorner     5.633471
cellsize      0.041667
NODATA_value  -9999
[rows 0 to 29 of 43, columns 272 to 339 of 992]
4937.64 4865.92 4810 4802.16 4862.52 5078.96 5168.6 5199.52 5159.2 5179.6 5477.68 5412.84 5659 5594.12 5474.48 5397.32 5358 5346.24 5616.4 5515.96 5868.16 6077.88 6117.92 6025.64 6149.28 6052.6 6217.04 5904.8 6095.44 6103.68 5463.84 6093.24 6188 6037.92 6243.24 5775.28 5757.72 5864.04 6099.08 6081.8 5981.12 6015.88 6039 5425.24 6062.24 5946 5429.24 5325.68 5215.84 5574.68 6447.24 6146.32 6088.16 5932 5491.52 5214.64 5128.72 5205.48 5312.4 5471.16 5404.68 5415.28 5773.72 5949.24 6051.08 5959.36 5617.96 5538.36
5024.4 4945.76 4843.84 4815.56 4839.24 4931.48 5109.2 5153.4 5230.88 5098.56 5354.16 5370.6 5424.6 5616.36 5564.04 5517.64 5404.96 5260.12 5246.2 5504.52 5827.12 5905.64 6020.52 6119.84 6071.12 6172.64 6117.16 6015.88 6160.28 6082.52 5835.32 5903.56 6372.52 6168 6326.68 5807.56 6059.32 6198.08 6263 6227.88 6102.24 6063.24 6063.76 6112.08 5753.04 5857.4 5536.16 5424.88 5294.88 5394.48 6259.76 6202.96 5975.04 5517.72 5362.44 5356.2 5385.16 5363.6 5382.68 5433.8 5763.32 6085.08 6042.24 5818.96 5633.64 5491.76 5378 5311.96
4865.44 4846.4 4841.88 4861.68 4908.48 4972.28 5040.52 5148.08 5165.68 5058.76 5074.24 5297.4 5246.52 5487 5424.72 5404.84 5413.4 5333.08 5134.2 5153.12 5287.68 5489.56 5642.96 5815.36 6019.72 6179.12 6139.6 6182.96 6184.08 5913.92 6196 5961.2 6177.84 6395.56 6120.28 5931 6086.68 6394.12 6467.4 6399.44 6231.72 6399.92 6257.88 6107.48 5905.32 5912.56 5835.08 5656.8 5539.16 5851.92 6264.52 5792.68 5542.08 5498.2 5494.6 5357.52 5323.16 5359.72 5396.6 5536.96 5762.56 5912.2 5680.56 5567.16 5492.96 5514.92 5510.08 5443.04
4848.04 4841.92 4876.48 5022.32 5051.56 5100.64 5119.56 5052.72 4995.92 4963.76 5031.32 5200.72 5172.36 5207.6 5283.84 5294.68 5382.56 5176.88 5124.84 5388.8 5263.84 5375.08 5401.96 5784.52 5998.36 6149.56 5945.76 6035.48 6210.72 6123.24 6181.4 6234.36 6304.44 6319.12 6077.32 6231.56 6282.44 6364.32 6298.64 6391.68 6350.84 6402.96 6236.56 6177.56 6146.52 6131.16 6155.32 5988.24 5765.4 6252.64 5692.28 5449.16 5408.84 5468.96 5485.32 5427.12 5575.64 5545.28 5575.16 5637.4 5746.92 5701.76 5521.68 5432.28 5421.48 5375.28 5397.76 5316.48
4846.92 4859.12 5027.84 5086.72 4972.48 4961.8 4972 4916.36 4905.56 4925.88 5071.2 5154.24 5185.68 5169.52 5275.52 5222.68 5197.72 5056.84 5268.16 5410.68 5251.6 5380 5281.32 5468.6 5627.68 5903.76 5723.2 6023.4 6115.64 6249.36 6276.12 6307.2 6291.52 6297.52 6356.56 6238.6 6295.28 6268.72 6061.56 6050.76 6197.2 6104.64 6129.48 6053 5834.84 5857.88 5927.8 6001.72 6144.92 5961.92 5506.56 5412.84 5417.84 5596.4 5672.28 5490.16 5615.76 5702.72 5880.24 6021.04 5927.76 5666.52 5432.84 5346.72 5311.6 5268.12 5314.08 5279
4860.72 4851.72 4885.8 4925.4 4888.32 4886.24 4895.72 4839.04 4839.92 4855.68 4923.72 4940.2 4966.64 5121.76 5172.44 5244.24 5276.84 5187.32 5066.2 5281.16 5282 5372.92 5198.36 5226.56 5403.56 5438.16 5512.76 5934.16 5924.64 6071.84 6256.76 6102.32 6107.12 5941.76 5996.12 6034.88 6175.28 6196.64 6166.28 5911 5841.32 5808.88 5691.08 5535.64 5440.08 5532.24 5742.6 6210.56 6391.12 5908.4 5519 5416.64 5433.56 5596.64 5764.2 5905.12 5905.56 5875.36 5971.12 5980.68 5789.4 5539.88 5384.4 5332.44 5297.72 5283.36 5344.08 5312.44
4891.2 4869.4 4855.2 4851.16 4852.04 4847.52 4844.96 4831 4831 4832.12 4842.72 4862.08 4960.48 5073.84 5007.84 5028.08 5096.04 5006.52 5133.36 5158 5284.72 5316.48 5205.44 5122.76 5204.16 5410.84 5400.36 5491.04 5581.96 5794.32 6204.2 6062.48 5755.28 5667.64 5805.56 5892.84 5910.52 5773.8 5875.28 5926.44 5580.2 5463.72 5358.12 5301.16 5390.64 5591.24 5815.24 6055.88 5951.32 5616.32 5450.44 5451.44 5605.52 5769 5722.68 5814.24 5870.96 5760.8 5686.24 5600.12 5561.44 5502.28 5447.48 5444.56 5430.52 5413.76 5445.64 5626.92
4919.6 4882.84 4869.2 4865.72 4862.24 4853.56 4848.4 4870.64 4840.84 4831 4839.92 4847.76 4870.52 4924.76 4954.28 4975.12 4983.8 5005.88 5124.2 5183.84 5197.68 5349.72 5367.28 5230.72 5249.12 5156.88 5340.64 5389.48 5450.04 5588.28 5815.48 5607.8 5383.96 5580.16 5791.04 5693.48 5605.64 5579.48 5528.36 5553.64 5378.36 5282.52 5266.8 5303.2 5569.48 5716.64 5667.84 5675.88 5683.04 5461.72 5464 5446.28 5458.4 5517.56 5659.24 5627.88 5640.44 5604.6 5571.32 5512.8 5419.76 5403.36 5386.48 5369.8 5376.12 5403.16 5517.36 5657.24
4931.28 4906.8 4892.4 4951.52 5114.12 5077.4 4919.72 4861.12 4833 4832.28 4844.2 4844.08 4841.56 4846.88 4860.2 4876.64 4893.48 5046.6 5111.72 4952.72 5019.6 5120.84 5067.2 5035.76 5173.68 5245.24 5362.64 5307.72 5337.36 5540.6 5527.16 5319.92 5609.2 5888.48 6116.44 5991.4 5723.52 5495.44 5362.36 5351.68 5297.44 5243.64 5285.32 5328.4 5456.68 5647.84 5733.32 5766.32 5562.44 5365.24 5391.72 5429.04 5495.08 5486 5508.28 5532.04 5511.8 5427.76 5285.24 5211.08 5230.6 5235.16 5242.84 5296.6 5338.68 5344.16 5386.68 5482.96
4985.56 4932.64 4912.48 4930.44 5012.6 5113.68 5334.68 5096.48 4995.12 4934 4901.4 4855 4848.88 4852.2 4857.44 4869.04 4876.68 4911.24 4901.76 4885.44 4990 5019.24 4961.16 5010.8 5015.64 5134 5093.72 5170.04 5286.2 5448.84 5432.64 5288.4 5442.32 5565.76 5681.96 5594.28 5439.6 5250.64 5214.68 5183.4 5197.84 5236.32 5263.24 5270.44 5476.44 5544.64 5459.12 5393.6 5399.04 5372.24 5419.96 5427.4 5391.28 5306 5261.08 5271.16 5218.84 5154.36 5126.8 5169 5188.84 5175.84 5291.48 5439.64 5543.04 5434.48 5357.48 5377.52
5131.64 5049.76 4941.92 4919.24 4946.16 5133.4 5460.04 5300 5263.44 5221.32 5046.84 4901.36 4863.4 4914.4 4885.88 4872.84 4866.8 4870.48 4869.08 4878 4895.84 4905.68 4916.6 4987.2 4980.36 5048.2 4999.88 5020.92 5068.4 5170.68 5198 5272.04 5347.4 5468.8 5416.16 5226.32 5166.56 5100.48 5109.16 5097.12 5087.36 5130.76 5120.32 5214.64 5326.76 5281.88 5323.68 5310.52 5315.52 5232.32 5191.24 5142.44 5110.56 5063.56 5042.84 5073.12 5076.8 5089.68 5079.28 5087.92 5109.36 5186 5347.68 5520.72 5535.56 5375.6 5317.56 5252.6
5294.72 5232.8 5110.4 5038.84 4955.44 4965.88 5076.6 5115.76 5097.08 5025.52 4921.32 4979.64 4890.44 5039.4 4904.12 4873 4872.56 4878.52 4881.16 4890.72 4903.44 4911.32 4916.2 4926.4 4953.64 5045.8 5080.76 5084.68 5064.24 5084 5105.2 5140.96 5156.6 5234.16 5200.24 5070 5066 5066 5066 5066.84 5066 5066 5115.04 5269.28 5393.76 5319.04 5285.4 5208.92 5122.4 5074.52 5024.2 5023.88 4999.48 4975.12 5008.76 5073 5178.76 5152.56 5124.32 5059.56 5079.6 5176.96 5405.64 5491.84 5415.12 5301.72 5200.16 5158.16
5115.04 5191.92 5157 5205.44 5076.28 4959.36 4938.4 4943.76 4981.84 4944 4935.16 4940.04 4982.84 5164.2 5023.76 5015.32 4923.68 4968.12 4984.24 4998.52 4943.64 4972.08 5051.76 4955.4 4957.56 4978.28 5071.8 5120.24 5145.68 5080.16 5056.12 5078.84 5100.68 5104.16 5102.8 5068.16 5067.44 5105.68 5131.76 5142.56 5176.12 5225.12 5239 5233.92 5272.88 5207.32 5144.44 5015.48 4921.28 4901 4913.44 4970.52 4953.28 4952.08 5225.24 5279.44 5303.76 5144.68 5054.32 5037.52 5103.6 5201.12 5319.96 5422.44 5344.04 5203.24 5127.68 5111.84
5156.36 5122.24 5170.52 5099.88 5111.96 4980.04 4975.44 4981.8 4966.64 4982.88 4967.48 4966.72 5119.52 5257.32 5089.56 5139.92 4997.24 5028.4 5021.68 5310.64 5066.32 5095.76 5172.64 5245.2 5023.2 4950.48 4978.24 5037.08 5018.76 5026.68 5035.92 5124.32 5219.96 5316 5387.6 5580.44 5351.28 5577.72 5455.72 5323.36 5375.52 5352.16 5417.6 5302.32 5296.68 5225.48 5057.8 4984.76 4886.24 4884 4884 4884.04 4915.92 4934.04 5028.92 5094.52 5083.24 5041.88 5038.48 5055 5070.44 5082.72 5162.72 5239.12 5230.16 5167.44 5102.12 5122.04
5241.12 5184.2 5197.68 5241.68 5152.72 5068.88 5068.12 5049.52 5104.32 5089.76 5048.72 5029.6 5065.76 5182.24 5152.2 5143.36 5054.92 5038.4 5102.2 5170.08 5143.48 5293.16 5226.64 5034.96 4980.4 4947.76 4942 5003.8 5118.08 5239.08 5216 5100 5232.52 5433.44 5725.24 5714.28 5365.76 5420.52 5418.64 5381.24 5348.72 5320.28 5270.8 5210.72 5081.68 4985.52 4967.44 4942.84 4909.2 4909.24 4924.12 4947.2 4964.76 4945.8 5043.8 5082.16 5048.8 5060.6 5055.96 5032.04 5043.64 5067.08 5084.12 5150.84 5176.6 5096.28 5111.88 5175.4
5300.88 5379.16 5362.76 5392.6 5271.2 5221.84 5218.6 5293.64 5408.4 5473.84 5398.16 5375.08 5183 5093.16 5162.2 5321.28 5282.76 5063 5049.16 5038.52 5045.92 5112.6 5146.8 5085.6 5217.32 5274.88 5198.08 5207.96 5174.12 5286.04 5114.12 5305.16 5171.32 5260.76 5411.64 5420.28 5320.44 5284.92 5215.76 5174.72 5169.68 5147 5069.36 5025.16 4995.28 4978.16 4976.12 4940.6 4920.96 4938.44 4959.44 5008.28 5019.6 5050.48 5106.24 5156.44 5130.28 5122.72 5157.36 5038.76 5055.84 5113 5101.64 5120.52 5126.4 5123.68 5213.96 5350.48
5256.6 5295.08 5339.36 5393.12 5411.32 5384.48 5367.48 5448.84 5490 5453.8 5408.56 5414.4 5187.96 5127.88 5184.68 5321.48 5219.48 5143.08 5289.76 5366.84 5288.88 5386.8 5392.72 5284.52 5266.36 5226.88 5293.44 5322.88 5355.6 5197.92 5085.08 5129.64 5111.76 5197.84 5272.56 5314.72 5261.44 5282.04 5201.6 5233.2 5231.12 5222.08 5087.88 5019.8 5004.92 5003.8 5039.44 5048.36 5072 5005 5010.08 5035.24 5075 5124.36 5170.16 5167.72 5346.44 5258.84 5126.08 5126.2 5161.12 5218.16 5141.16 5131.8 5185.8 5213.84 5384.88 5421.8
5245.12 5271.4 5310.96 5282.6 5308.56 5385.84 5483.76 5467.64 5553.92 5648.44 5626.88 5498.4 5337.32 5339.36 5307.92 5224.84 5181 5124.96 5414.12 5941.08 5723.84 5488.76 5343.2 5305.8 5261.48 5169.32 5378 5705.68 5587.16 5306.76 5102.6 5090.68 5110.84 5269.56 5330.08 5414.76 5298.52 5371.84 5230.2 5321.52 5135.68 5049.2 5018.32 5010.32 5040.92 5053.44 5115.28 5074.44 5060 5075.36 5117.52 5198.68 5231.64 5237.76 5204.16 5188.64 5225.2 5134.96 5025.4 5062.72 5093.24 5145.92 5141.08 5187.84 5236.44 5256.8 5449.28 5572
5235.68 5232.68 5214 5200.68 5204.6 5250.36 5364.12 5394.88 5443.04 5538.84 5597.04 5555.88 5471.8 5471.8 5413.96 5365.36 5215.16 5129.56 5214.32 5480.92 5758.28 5516.52 5376.08 5388.2 5488.12 5296.4 5431.76 5528.64 5386.64 5218.28 5116.36 5070.2 5128.2 5391.88 5410.84 5326.64 5333.28 5148.56 5088.92 5063.08 5074.84 5080.36 5068.76 5054.52 5092.92 5101.84 5107.12 5099.72 5150.72 5265 5364.48 5387.16 5315.96 5241.64 5198.36 5108.72 5049.72 5025.36 5023.88 5048.2 5120.16 5152.28 5232.04 5326.4 5307.64 5305.84 5429.52 5752.96
5276.28 5246.76 5207.76 5187.04 5181.16 5179.2 5221.68 5277.84 5303.68 5339.64 5396.48 5369.24 5350.16 5340.68 5421.8 5442.64 5485.88 5515.48 5369.2 5369.84 5467.44 5434.68 5377.52 5310 5229.48 5183.36 5352.12 5421.92 5372.12 5225.24 5243 5287.96 5435.96 5489.08 5436.6 5292.72 5279 5167.64 5142.92 5118.24 5084.6 5142.8 5183.6 5170.12 5159.4 5174.96 5282.32 5295.04 5231.24 5184.4 5182.92 5172.52 5146.32 5120.76 5079.48 5053.04 5032.4 5023.48 5061.16 5142.44 5219.04 5131.2 5189.84 5339.12 5376.36 5526.68 5682 5777.52
5363.08 5290.16 5281.12 5219.68 5192.48 5183.56 5225.16 5283.44 5268.36 5277.56 5287 5320.64 5422.24 5310.6 5505.72 5407.88 5556.04 5596.68 5296.52 5139.64 5185.4 5216.72 5077.24 5087 5007.96 5044.36 5077.16 5134.12 5173.52 5182.12 5162.08 5209.36 5259.44 5259.72 5252.52 5359.84 5468.32 5376.4 5343.36 5235.88 5277.6 5340.16 5170.92 5200.52 5233.44 5318.6 5325.88 5399.16 5385.6 5246.08 5198.12 5138.16 5101.44 5095.52 5084.16 5093.6 5071.4 5116.56 5188.24 5199.4 5239.64 5142.04 5154.48 5287.92 5402.64 5471.08 5641.24 5758.04
5429.24 5361.84 5404.6 5298.96 5265.12 5282.88 5359.52 5317.8 5397.52 5333.88 5283.6 5302.92 5420.68 5291 5369.52 5304.28 5277.4 5224.56 5058.04 5090 5124.88 5037.04 4996.68 4998.68 4990 5009 5073.88 5155.68 5204.96 5247.84 5232.56 5215 5219.28 5230.08 5242.16 5224.6 5225.36 5250.64 5261.36 5241.84 5221.92 5212.6 5209.08 5246.4 5368.72 5442 5472.88 5477.88 5573.56 5403.8 5193.28 5126.44 5136.32 5221.4 5175.92 5095.96 5121.68 5210.4 5325.68 5418.68 5261.12 5159.48 5188.4 5275.08 5360.72 5384.92 5368 5461.48
5481.04 5483.4 5502.88 5440.32 5469.2 5399.96 5365.52 5349.76 5408.04 5408.92 5303.44 5325.16 5326.24 5221.24 5213.52 5112.2 5071.04 5053.72 5080.08 5106.96 5121.24 5084.48 5065.08 5120.72 5098 5137.44 5226.84 5303.08 5317.68 5385.28 5383.08 5464.28 5331.36 5287.28 5271.76 5246.4 5202.92 5186.48 5206.96 5273.64 5233.76 5192.16 5277.24 5330.56 5524.04 5593.4 5720.96 5634.68 5683.76 5527.4 5259.16 5168.08 5134.68 5146.2 5227.16 5158.08 5269.04 5376.24 5336.64 5319.44 5251.72 5289.16 5309.72 5411.16 5437.96 5435.16 5304.76 5253.2
5675.48 5620.16 5592.32 5573.36 5549.44 5526.8 5470.28 5405.76 5458.92 5459.68 5380.76 5256.52 5166.52 5120.52 5110.36 5110.48 5098.6 5101.56 5251.28 5407.24 5542.84 5493.8 5244.68 5047.56 5256.96 5596.4 5482.28 5482.72 5529.6 5666.88 5602.88 5540.28 5470.16 5447.52 5330.48 5366.44 5187.48 5188.16 5221.8 5386.2 5376.12 5245.12 5245.72 5368.76 5522.64 5590.56 5724.64 5658.28 5448.44 5497.96 5377.24 5298.56 5141.24 5100.84 5101.48 5185.88 5389.32 5348.08 5285.16 5325.84 5222.32 5218.4 5341.36 5495.04 5539.64 5548.04 5336.44 5164.52
5734.2 5845.84 5737.4 5693.92 5508.88 5500.8 5436.64 5463.6 5531.16 5439.88 5324.8 5246.4 5152.2 5155.92 5168.52 5175.88 5213.8 5354.76 5631.6 5702.76 5839.56 5318.6 5311.88 5040 5479.44 5538.64 5307.76 5410.04 5479.92 5578.4 5843.16 5775.28 5589.88 5505.36 5412.76 5392.52 5193.4 5221.32 5251.16 5384.24 5515.12 5461.88 5279 5507.72 5447.52 5516.16 5665.84 5657.12 5612.72 5420.8 5325.72 5427.44 5294.44 5094.64 5084.84 5079 5233.88 5272.96 5178.12 5170.28 5140.4 5185.56 5256.24 5378.76 5495.48 5546.4 5270.72 5127.64
5882.68 5812.04 5737.96 5616.8 5558.92 5420.76 5382.72 5444.04 5414.28 5328.84 5227.36 5178.88 5174.96 5212.72 5228.64 5268.52 5348.72 5641.76 5643.96 5630.96 5459.24 5191.76 5151.48 5193.36 5281.44 5303.44 5406.2 5517.12 5533.32 5574.44 5708.04 5687.56 5636.52 5648.4 5503.48 5361.16 5221.92 5294.08 5501.32 5618.52 5615 5503.4 5300.12 5378.32 5542.12 5514.6 5532.8 5607.4 5725.72 5591.92 5440.56 5363.2 5325.28 5216.76 5088.76 5084.88 5082.64 5098.12 5084.8 5086.04 5092.04 5197.48 5286.2 5299.68 5330.96 5368.72 5335.64 5110.64
5500.88 5497.48 5456.12 5478.24 5534.96 5448.28 5299.2 5738.2 5897.16 5595.16 5296.64 5326.08 5597.04 5508.36 5563.44 5511.88 5495.84 5600.8 5563.16 5734.24 5545.48 5343.36 5150.72 5132.32 5235.36 5477.08 5602.52 5544.56 5507.36 5419.84 5481 5664.96 6007.72 6057.4 5767.64 5497 5362.2 5563.32 5660.56 5744.28 5709.32 5585.8 5328.04 5409.04 5419.16 5452.28 5559 5558.76 5776.16 5630.52 5714.56 5912.92 5568.44 5315.2 5214.68 5148.2 5164.96 5171.16 5153.72 5171.16 5217.52 5172.16 5197.08 5182.88 5233.36 5398.92 5318.24 5233.96
5566.32 5637 5842.56 5980.8 5691.72 5506.48 5240.16 5599.48 6257.48 5913.32 5569.84 5738.48 5970.96 5900.76 5795.44 5939.84 5923.96 5816.24 5923.24 5774.52 5511.04 5383.24 5266.76 5194.36 5329.64 5479.72 5701.88 5416.92 5307.68 5302 5477.68 5647.04 5997.52 6137.48 6117.64 5731.48 5623.12 5721.64 5808.32 5976.36 5883.08 5591.88 5334.56 5372.76 5439.68 5603.16 5600.76 5574.28 5730.56 5656.36 5483.16 5622.76 5636.32 5860.56 5470.04 5271.76 5192.92 5213.16 5367.36 5486.84 5297.24 5064.64 4985.12 5017.4 5087.44 5216.28 5366.24 5304.8
5745 5977.12 6162.64 6025.32 5780.36 5512.12 5204.52 5296.92 5884.08 5941.12 5776.44 5930.44 6184.52 6136.68 6060.56 6043.44 5954.16 5990.68 5707.6 5496.76 5453.68 5355.28 5365.92 5351.88 5405.32 5372.16 5816 5324.28 5150.04 5215.2 5346.8 5577.56 5895.68 5961.32 6015.76 5879 5831.28 5802.52 5655.4 5550.44 5397.4 5336.92 5379.96 5429.96 5465.04 5530.28 5559.52 5499.36 5505.4 5473.48 5404.28 5350.56 5471.64 5745.68 5748.48 5547.48 5320.32 5488.88 5896 5974.4 5774.72 5306.28 4951.72 4939 4946.28 4962 5094.32 5154
5533.48 5903.32 6081.68 6196.48 6127.68 5572.16 5189.04 5099.88 5118.28 5842.04 5990.16 5650.2 6184.64 6075.48 6002.92 5875.84 5508.8 5316.76 5303.2 5505.32 5379 5256.48 5360.64 5295.88 5220.16 5340.44 5445 5223.64 5088.32 5149.68 5422.84 5664.88 5930.04 6184.56 5851.04 5539 5473.4 5326.92 5332.72 5368 5428.92 5449.56 5415.24 5414.68 5319.68 5352.12 5353.92 5272.32 5521.6 5521.52 5539.64 5251.52 5328.24 5448.28 5650.4 5664.52 5439.44 5381.12 5780.72 5911.68 5900.36 5879.44 5111.32 4974.08 4958.52 4914.76 4913.96 4923.44
