eomf/data/ecohealth/dem.asc
ncols         992
nrows         717
xllcorner     68.144226
yllcorner     5.633471
cellsize      0.041667
NODATA_value  -9999
[rows 0 to 29 of 43, columns 204 to 271 of 992]
5001.48 4450.8 5293.96 5867.88 5786.52 5672 5325.64 5218.28 4902.36 4871.6 5000.16 5249.04 5343.44 5452.64 6132.72 6162.6 6004.52 5993.08 5762.72 5630.56 5429.36 5777.88 5751.32 5556.96 5700.68 5587.64 5761.88 5590.92 5463.6 5581.52 5652.96 5630.28 5569.68 5716.4 5599.88 5421.48 5433.36 5445.24 5354.68 5336.4 5308.92 5373.32 5520.72 5557.28 5674.84 5577 5372.68 5404.96 5171.08 4836.28 4818.28 5023.8 5492.48 5238.2 4922.12 4838.68 4941.4 5065.28 5244.8 5275.4 5393.32 5293.48 5299.32 5104.16 5092.24 5043.48 5007.08 4985.96
4067.28 4395.16 5215.48 5787.6 5963.08 5496.32 5393.68 5544.16 5004.52 5078.88 4726.32 5353 5997.56 5919.72 5798.28 6050.4 6021.44 5689.32 5548.56 5504.76 5366.56 5352.16 5431.88 5380.08 5442.6 5667.76 5477 5560.92 5438.76 5390.08 5388.08 5544.32 5551.2 5429.08 5497.48 5394.68 5522.72 5452.12 5380.28 5489.4 5322.72 5307.2 5479.8 5702.68 5685.32 5456.32 5479.6 5313.6 4996.08 4948.28 4974.72 4843.68 4884 4860.4 4822.76 4825 4850.64 5071.84 5083.84 5004 4997.96 5058.76 5000.8 4945.72 5106.8 5248.6 5261.72 5213.44
4226.8 5333.8 4904.6 5283.4 6050.84 6319.72 5657.68 5453.76 5548.76 5554.48 4994.12 4613.12 4883.24 5804.8 6024.12 6374.64 6349.16 6053.72 6009.08 5721.2 5755.12 5509.92 5171.48 5434.28 5621.56 5450.16 5356 5253.04 5309.04 5277.76 5167.8 5209.88 5393.92 5286.96 5429.68 5505.12 5336.52 5234.56 5187.6 5303.84 5220.08 5393.8 5352.24 5413.88 5422.52 5492.2 5442.12 5481.2 5372.48 5317.12 5286.72 5107.68 4941.36 5158.96 5312.96 5121.32 5113.84 5075.16 5064.04 5027.88 5091.08 5067.6 4950.76 4956.88 4924.8 4899.8 4900.04 4873.28
3884.16 5350.16 4324.2 4590.88 5429.88 5600.8 5149.56 5541.48 5897.48 5642.2 5377.56 4975.32 4608 4799.28 5780.08 6018.6 5671.64 6204.28 5867.96 5719.16 5484.52 5390.28 5172.72 5087.6 5268.68 5296.12 5158.32 5043.52 5047.48 5204 5140.32 5080.32 5141.28 5140 5168.92 5225.68 5214.68 5175.92 5300.68 5484.88 5467.24 5485.36 5458.52 5380.68 5451.48 5431.08 5598.72 5654.48 5556.36 5541.6 5438.48 5470.76 5185.4 5057 5128.52 5306.52 5386.32 5129.12 5061.44 5104 5075.4 5123.52 5072.12 5116.04 5042.6 4908.36 4874.8 4862.88
4035.6 4362.08 3847.64 4851.6 5342.28 5124.52 4824.92 5536.64 5968.04 6012.68 5527.84 5495.44 4849.28 4516.6 5848.44 5337.52 5569.4 5948.72 5833.52 5491.6 5419.36 5377.96 5297.64 5262.16 5021 4905.16 4837.72 4935.96 5128.56 5350.16 5402.36 5331.64 5299.44 5285.64 5239.84 5145.36 5207.92 5174.96 5246.88 5392.64 5423.48 5482.72 5456.2 5360.04 5430.72 5362.36 5354.24 5494.64 5427.72 5434.48 5634.72 5478 5163.84 5137.76 5167.6 5274.68 5508.52 5404.92 5315.24 5267.16 5193.36 5116.4 5164.28 5180.08 5081.72 5030.48 4935.76 4863.84
3828.52 3372.56 4272.32 5147.16 5366.2 4743.36 4799.2 5306.44 5649.72 5766.64 5328.56 5191.76 4726 4231.6 4952.08 4788.2 5326.68 5636.96 5810.56 5730.48 5640.12 5822.28 5792.84 5750.6 5561.8 5215.08 4777.4 5161.12 5217.72 5357.84 5430.44 5376.76 5321.2 5270.76 5216.88 5250.04 5386.2 5450.84 5372.64 5342.08 5356.16 5593.96 5539.36 5693.16 5650.96 5840.24 5575 5397.2 5630.32 5627.72 5327.28 5163.84 5554.48 5472.04 5591.96 5159.72 5273.36 5300.16 5375.56 5360.8 5410.24 5160.2 5121.2 5341.96 5299.96 5221.2 5058.84 4896.76
4572.08 4476.08 4921.8 5128.36 5067.92 4321.16 4984.56 5605.48 5643.4 5096.84 4935.08 4417.72 4008.72 4218.2 4999.6 5212.64 4777.8 5242.32 5556.44 5549.48 5890.44 5856.68 5683.64 5953.72 5711.92 5248.68 4828.52 5261.64 5611.72 5440.56 5353.88 5310.48 5358.68 5390.16 5343.24 5356.52 5455.6 5730.88 5472.56 5812.88 5672.96 5576.96 5606.16 5837.44 5657.96 5653.44 5746.6 5853.32 5749.84 5899.68 5560 5392.2 5441.72 5781 5567.16 5335.16 5474.16 5417.88 5681.4 5470.8 5282.28 5164.68 5139.52 5181.96 5301.96 5173.08 5101.6 5009.44
4317.6 5317.92 5688.32 5358.52 4079.16 4155.28 4592.52 5290.48 5672.16 5309.24 5434.96 5262 4544.04 3782.04 4381.68 5364.2 5673.92 5291.04 5092.08 5601.8 5864.88 6340.28 6162.52 5587.84 5209.28 5137.68 5211 5486.64 5748.4 5746.68 5456.64 5318.28 5200 5553.6 5510.08 5327.68 5317.28 5520.52 5682.44 5715.4 5875.24 5642.52 5682 5880.92 5914.4 5704.6 5718.88 5968.28 6102.72 5696.88 5541.16 5397.16 5654.36 5677.68 5821.52 5341.68 5381.16 5567.36 5405.6 5280.84 5249.76 5171.16 5192.72 5246.96 5239.96 5110.24 5022.32 4974.4
3874.64 3840.8 3846 3739.84 3767.92 3905.08 4333.08 4597.6 4818.68 5121.88 5637.44 5579.96 5219.08 4187.36 4057.88 5304.92 5632.4 5494.36 5497.04 5369.24 5880.52 6078.84 6270.76 5793.04 5568.52 5012.72 5550.84 5798.32 5850.44 5249.08 5404.96 5791.72 5471.44 5345.24 5410.6 5188.64 5328.04 5317.04 5397.96 5431.6 5836.16 5805.28 5702.08 5659.04 5825.8 5768.44 5666.2 5662.92 5631.6 5575.64 5461.8 5359.68 5809.72 5899.16 5832.6 5442.52 5551.04 5600.44 5521.4 5309.16 5159.04 5144.16 5206.64 5177.8 5164.4 5123.44 5177.2 5043.48
4797.12 4258.32 4464.28 4643.16 4844 4409.44 4379.04 5215.44 4999.44 4978.68 5582.24 5330.16 5094 4940.96 3864 4132.68 4889.76 5219.8 5550.28 5659.76 5822.44 5617.6 5814.76 5742.04 5543.96 5352.84 4846.24 5341 5171.12 5318.92 5734.36 5742.2 5729.12 5043.08 5243.12 5485.28 5484.28 5643.56 5822.16 5813.96 5664.92 5680.68 5637.16 5587.12 5879.24 5761 5601.52 5508.28 5586.64 5421.68 5275.88 5347.44 5682.2 5739.08 5790.48 5556.12 5613.96 5463.88 5385.56 5289.84 5228.56 5170.56 5225.44 5151.52 5264.28 5326.56 5273.16 5167.8
5147.32 5065.88 5103.36 5330.52 5682.6 5140.8 4655.92 5276.68 5435.36 5159.28 5419.2 5538.2 5319.56 4959.48 4956.28 4104.16 3878.64 4735.2 5296.4 5641.72 5734.48 5404.6 5362.56 5684.16 5843.64 5668.2 5372.08 4857.76 4977.28 5200.6 5604.68 5315.84 5397.48 5194.2 5317.84 5548.36 5628.16 5305.76 5335.12 5577.52 5739.12 5395.08 5482.36 5374.68 5594 5729.12 5709.92 5553.32 5566.12 5335.44 5271.52 5460.88 5582.44 5680.8 5866.76 5798.96 5628.04 5492.72 5474.96 5385.12 5301.04 5176.8 5160.92 5223.44 5267.84 5373.88 5280.84 5115.84
5056.64 5024.08 5174.92 4748.12 5013.2 5425.88 5075.56 5097.88 5470.72 5482.32 5517.6 5540.08 5450.44 5468.76 5328.04 4832.76 4033.48 3948 5081.8 5237.04 5690.8 5559.92 4888.6 5161.8 5381.76 5529.92 5431.08 5126.24 4805.24 5050.88 5049.44 4927.6 5254.4 5459.24 5679.12 5481.04 5210.32 5097.72 5069.08 5110.48 5254.8 5171.28 5281.8 5286.32 5454.04 5490.72 5441.2 5431.72 5450 5434.32 5334.92 5374.48 5492.12 5709.28 5770.16 5688.32 5576.52 5629.52 5498.36 5400.88 5344.88 5344.24 5236.16 5245.88 5263.44 5270.76 5250.88 5125.2
4836.56 4547.88 4909.44 3737.76 3824.76 4630.56 5028.44 5231 5343.08 5223.36 5451.4 5297.44 5491.52 5529.64 5576.04 5493.2 4629 3611.48 3886.16 4691.44 5537.32 4834.88 4889.64 5444.56 5696.64 5742.28 5644.08 5276.08 4760.76 4807.12 4966.52 5079.32 4494.08 5185 5348.84 5715.6 5822.48 5698.28 5722.8 5738 5641.12 5698.04 5754.24 5751.64 5717.44 5476.48 5353.36 5411.64 5460.68 5513.08 5471.88 5445.76 5520.16 5650.72 5707.84 5555.8 5514.88 5518.96 5440.04 5367.2 5323.24 5304.88 5292.24 5314.04 5247.28 5314.04 5230.2 5172.64
3714.16 3826.08 3428.56 3003.92 4112.6 4967.8 5116.36 4681.56 5390.8 5151 4745.48 4997.08 4821.36 5162.48 5736.36 5338.84 5002.28 4290.4 3438.64 3493.8 4563.56 4419.8 5157.64 5576.52 5725.96 5643.24 5360.08 5134.48 5615.92 5288.04 5307.08 4996 4751 4507.44 4818.08 5358.32 5903.2 6098.56 5590.36 5569.6 5982.08 5970.24 6002.28 5724.6 5587.8 5615.92 5504.92 5402.08 5418.08 5493.8 5613.92 5633.08 5643.16 5585.52 5549.88 5669.52 5574.76 5385.96 5341.44 5308.88 5281.72 5267 5244.88 5257.6 5250.92 5283.52 5385.16 5351.24
3977.16 3701.32 4273.92 3189.28 3399.56 4381.88 4936.28 4700.84 5221.76 4522.6 4974.12 4713.08 5316.08 4306.64 5136 5391.4 5374.84 4762.48 4554.52 3377.04 3710.4 5115.92 5188.32 5335.48 5682.72 5798.28 5551.6 5683.88 5795.44 5607.36 5812.8 5714.72 5141.92 4836.68 4502.04 4709.08 5194.08 6255.92 6078.32 5624.44 5450.64 5488.4 5777.8 5904 5901.16 5667.88 5715.4 5688.72 5576.36 5517.32 5413.16 5414.8 5411.6 5374.2 5414.8 5396.04 5362.32 5310.68 5297.36 5294.48 5269.28 5232.8 5217.76 5203.44 5195.8 5202.28 5257.04 5305.96
4975.16 4458.72 4725.92 3896.08 3034.68 3321.72 4132.68 4152.44 5011 4417.2 4516.84 4183.92 4025.24 4156.16 5060.12 5308.28 5374.48 5316.04 4904.12 3771.64 3478.44 4858.88 5179.32 5214.6 5476.12 5815.36 6709.32 5989.2 5769.36 5861.6 5729.32 5728.04 5789.88 5554.84 5369.52 4651 4975.76 5290.36 5572.44 5392.8 5408.88 5385.84 5842.6 5673.36 5651.52 5859.8 5858.08 5626.68 5731.16 5577.72 5425 5380.4 5332.52 5313.68 5300.68 5318.08 5319.92 5263.2 5258.68 5253.36 5238.24 5225.84 5220.12 5208.12 5205.48 5204.24 5212.28 5257.92
5154.72 4803.92 5044.28 3989.08 3653.28 3630.72 3657.04 3426.76 4030 3526.72 3440.96 3656.48 3445.12 4250.68 5030.52 5455.48 5473.24 5547.48 5240.44 4204.08 3318.48 3918.2 4808.28 5099.8 5254.72 5680.04 5918 6167.2 5868.08 5587.68 5373.24 5289.84 5355.64 5685.96 5713.08 4903.44 4848.76 5345.44 5403.28 5090.12 5523.32 5730.72 5778.6 5797.4 5359.72 5675.44 5806.08 5515.32 5480.48 5562.52 5433.68 5387.28 5344.04 5360.68 5344.52 5318.2 5316.64 5267.4 5251.6 5240.76 5225.8 5220.04 5218.48 5212.92 5212.88 5215.84 5223.44 5225.08
5034.84 5389.92 4618.08 4308.48 4588.88 4621.32 4545.2 3942.08 3780 3572.92 3927.28 3199.92 3157.8 3844.84 5018.88 4957.76 5079.2 5075.28 4881.36 4850.08 3719.8 3416.64 4442.08 5040.4 5244.64 5158.96 5552.52 6051.8 5824.44 5756.4 5577.32 5537.52 5724.68 5057.2 5674.04 5198.68 4645.52 5099.8 5431.08 4899.6 5395.2 5804.08 5836.28 5621.6 5328.4 5519.56 5624.6 5329.2 5344.16 5584.36 5459.08 5418.16 5399.16 5437.4 5489.24 5466.92 5351.64 5287.24 5270.68 5249.88 5222.4 5215.36 5216.32 5221.48 5222.6 5227.04 5231.28 5235.48
5139.76 5404.12 5441.76 5132.84 5280.24 4909.92 4291.96 4511.12 4466.48 4309.12 4738.36 4301.88 3372.24 3230.76 4235.36 4213.04 4331.28 4831.48 4934.52 5302.2 4157.92 3287.4 3670.52 4726 4817.32 4987.96 5479 5721.12 5685.04 5727.96 5742.68 5596.56 5683.12 5211.52 5002.4 5134.92 4530.8 5460.08 5047.04 4936.88 4976.16 5165.44 5197 5094.88 5181.84 5238.52 5289.72 5539.8 5695.36 5547.88 5494.28 5491.64 5434.52 5420.52 5486.68 5501.16 5535.16 5392.92 5364.8 5304.24 5263.6 5246.72 5234.16 5263.24 5235.16 5238.04 5238.24 5237.24
4337.28 4931.44 5436.32 5641.52 5293.6 4947.16 4368 4934.68 4989.88 5065.4 5419.84 4151 3606.64 4132 3128.8 3270.72 3470.6 3702.32 4128.04 4794.6 4380.88 3367.16 3319.72 3912 4908.76 5355.68 5698.16 5789.44 5514.48 5156.36 4955.4 4757.84 5065.28 5396.28 5701.48 4898.4 4272.72 4859.6 5664.52 5669.04 5153.96 5369.28 4914.84 5104.72 5394.4 5401.12 5603.08 5610.8 5567.24 5625.88 5408.88 5508.4 5550.2 5490.64 5487.6 5529.44 5485.88 5410.04 5424.6 5418.4 5396.84 5372.76 5282.72 5255.76 5241.72 5248.56 5250.32 5248.4
4264.8 4647.72 4718 5387.8 5076.52 4595.32 4711.32 4879.96 5187.28 5743.48 5620.56 4435.96 4074.88 4675.8 4297.08 3442.16 3439.08 3193.6 3142.2 3422.84 3924.44 3680.48 3213.84 3620.44 4432.12 4963.64 5293 5692.08 5780.96 5731.08 5459.16 5780.76 5306.92 5600.76 6098.12 5706.36 5187.72 4211 5542.76 5925.76 5308.92 5770.08 5805.2 5192.76 5081.24 5161.24 5153.28 5184 5263.72 5469.12 5525.16 5505.88 5531.76 5531.28 5610.96 5665.92 5610.12 5517.6 5566.64 5510.56 5414.68 5389.28 5445.76 5380.28 5304.68 5284.32 5271.36 5267.8
4265.68 4952.48 5235.32 5463.72 5282.08 4868.04 5115 5145.76 5532.96 5131.64 4747.52 4388.52 4628.92 5039.8 4284.2 4179.24 4595.56 4286.4 3864.92 3194.84 3382.92 3590.72 3235 3333.8 4175.6 5246.96 5064.44 5151.28 5420.48 5825.76 5816.96 5673.68 5345.48 5930.28 5927.24 5374.84 4777.2 4212.04 5654.16 5749.44 5680.28 5611.92 5639.96 5611 5752.88 5444.92 5468.08 5245.96 5420.6 5558.68 5594.52 5569.8 5596 5640.84 5726.84 5761.96 5744.36 5710.96 5666.44 5588.72 5548.4 5441.8 5390.8 5351.72 5343.04 5344.32 5334.6 5381.92
4075.2 4389.32 4987.96 5421.56 5345.84 5137.2 5170.76 5256.16 5287.72 4893.16 5163.4 4846.16 5050 5211.16 4234.4 4672.76 5556.6 5123.04 4514.68 3353.2 3304.4 3185.96 3194.48 3273.32 3660.88 4352.44 4847.32 5145.04 5240.64 5644.4 5775.36 5562 5718.8 5888.4 5811.6 5476.96 5131.92 4323.64 4907.76 5485.84 5612.76 5709.64 5880.52 5954.4 5799.52 5597.28 5638.68 5414 5630.36 5612.72 5541.52 5518.04 5583.28 5707.96 5797.32 5871.76 5796 5736.96 5687.88 5602.28 5618.24 5530.88 5434.88 5422.64 5430.32 5439.48 5411.76 5459.68
3605.52 3908.88 4802.4 4668.56 5461.88 5146.64 5085.96 5357.52 5130.4 5175.32 5474.12 4870.88 5322.36 5436.16 4506.64 4925.48 5404.96 4845.96 4019.04 3945.48 4322.64 3747.04 3572 3502.88 3358.6 3551.52 4531.28 4996.6 5124.48 5559.44 5531.64 5315.24 5782.24 5863.68 5652.6 5523.92 5634.88 4759.04 4620 6010.88 5849.56 5710.68 5875.76 6004.56 5674.96 5640.76 5829.32 5676.2 5503.08 5585.76 5527.44 5365.8 5404.52 5601.16 5621.08 5580.92 5558.76 5724.56 5732.88 5665.8 5676.64 5557.68 5539.52 5592.12 5551.76 5516.16 5532.68 5592.44
3010.4 3243.64 3642.52 4255.48 4879.6 4853.6 5095.96 5101 5278 5248.72 5184.4 5041.6 5314 4978.08 4981.08 5283.32 5280.84 4749.8 4296.32 4584.24 4892.52 5036.32 4948.12 4606.6 3772.24 3334.96 3638.76 4807.32 5515.08 5604 5132.08 5013.76 5573.84 5772.44 5731.96 5739.72 5709.44 4972.8 4260.28 5142.16 5060.16 5832.68 5939.44 5983.96 5763.16 5316.96 5422.04 5736.08 5674.56 5358.64 5680.76 5724.8 5468.88 5274.68 5239.64 5314.36 5453.36 5513.48 5738.52 5739.4 5732.24 5620.92 5594.64 5634.96 5616.08 5614.76 5605.6 5728.68
3440.84 2928.72 3471.12 4243.04 4193.92 4881.56 5272.12 5364.44 5179.8 4976.36 5208.88 5163.12 5251.2 5406.52 5068.04 5341.88 5041.88 5088.72 4710.32 4715.68 5178.76 5598.52 5344.48 4539.84 4288.6 3516.12 3348.64 4583.48 5002.36 4515.76 4803.28 5667.32 5554.28 5744.16 5783.2 5635.92 5368.64 5231.12 5422.08 4404.24 4193.4 5210.8 5443.64 5644.2 5965.72 5651.72 5373.96 5287.84 5196.44 5082.64 5559.24 5608.32 5375.52 5506.96 5294.32 5316.12 5497.76 5553.84 5646.4 5787.12 5793.92 5718.24 5740.6 5724.48 5688.96 5737.64 5760.72 5902.52
4013.88 3678.08 3211 3275.16 3906.96 4281.96 4503.92 4753.08 4386.8 5051.12 5210.08 5193.64 5199.28 5212.32 5199.64 5158.52 5169.24 5076.6 5058.12 5055.72 5205.16 5504 5137.56 4859.24 4032.68 4324.8 3949.4 3385.28 4336.36 5288.24 5611.72 5510.92 5666 5799.48 5445.04 5686.28 5885.36 5642.12 5006.8 5023.12 4053.8 4960.28 5501.44 5805.08 5960.4 5824.8 5760.76 5702.04 5657.32 5429.12 5362.92 5051.24 5227.56 5330.12 5174.68 5429.52 5633 5655.4 5751.72 5530.84 5503.36 5651.32 5724.36 5600.84 5500.72 5510.68 5632.48 5491.68
4734.52 4742.96 3965.68 3505.24 3432.44 3658.72 3730.88 3920.2 3922.64 4284.52 4583.4 4763.28 4827.16 4965.2 5001.92 5183.16 5085.04 5152.56 5178.2 5172.8 5079 5200.08 5007.16 4736.52 4403.2 5051 4386.68 3319.36 4026.36 4520.08 4700.36 5018.68 5092.56 4970.68 5396.96 5592 5440.32 5285.08 4894.84 4143.28 4720.76 5594.08 5942.84 5950.16 5770.24 5804.6 5895.48 5940.8 5857.4 5834.16 5784.76 5630.56 5387.4 5047.76 5057.4 5363.4 5359.4 5323.8 5383.84 5195.72 5202.4 5226.88 5357.64 5278.48 5190.52 5199.8 5247.64 5380.28
3869.84 4299.44 4312.68 4036.2 3375.96 3431.28 3362.52 3400.56 3364.04 3657.32 3943.68 4001.2 4250.6 4303.92 4381.16 4784.32 4392.72 4977.56 5185.92 5184.92 5161.64 5172.84 5173.8 5060.6 4757.68 5156.64 4576.08 3741.84 3504.4 3610.8 3673.4 4099.08 3941.68 3896.24 4998.48 5660.4 5805.28 5740.76 5409.76 4221.76 4635.8 5452.6 5446.88 5574.6 5426.04 5215.72 5563.88 5578.28 5502.88 5487.8 5261.6 5207.32 5129.32 4943.08 4780.8 4905.2 4952.44 5092 5064.44 5113.56 5322.44 5306.16 5161.96 5165.68 5210.8 5279.88 5373.6 5504.64
3908.8 4219.84 3932.84 3619.16 3563.44 4127.04 4296.24 3909.04 3703.68 3315.56 3418 3497.84 3604.68 3683.2 3976.64 3847.76 4276.28 4448.56 4791.88 5021.6 5185.08 5014.96 5166.8 5177.48 5117.84 5181.24 4879.4 4247.72 3798.76 4221.4 4579.84 4382.44 4686.88 4383.4 4070.04 4821.48 5553.92 5801.32 5362.48 3954.76 4358.92 4723.12 4673.6 4868.08 4982.12 4720.16 4856.04 5030.8 4981.4 4949.32 4975.8 4972.88 4878 4886.36 5015.28 5050.16 5085.4 4971.2 5115.76 5170.08 5347.96 5398.16 5225.2 5193.24 5188.56 5277.16 5400.32 5452.04
