eomf/data/ecohealth/dem.asc
ncols         992
nrows         717
xllcorner     68.144226
yllcorner     5.633471
cellsize      0.041667
NODATA_value  -9999
[rows 0 to 29 of 43, columns 136 to 203 of 992]
1269.92 1224.56 1190.2 1211 1546.56 2171.88 2674.08 2178.04 2031.84 2770.76 2349.76 2623.84 2517.4 3100.08 3135.12 2776.12 1579.36 1623.96 1561 1932.64 2912.44 3793.96 2816.64 2445.28 3282.76 4056.36 4240.08 4674.76 4674.12 4120.76 4489.92 4179.12 5011.88 4366.8 5136.92 4064.24 2940.96 2618.88 3034.84 3703.08 4447.2 4462.56 3759.8 2911.48 2277.36 2450.24 3076.64 3892.12 4482.88 3991.56 4442.12 4989.4 5250.6 4849.96 5296.12 4912.52 5245.4 5226.96 4402.24 4115.16 3903.72 3802.12 4653.36 4352.44 4643.32 4985.32 5251.04 4490.92
1772.56 1921 1801.56 1754.8 1169.64 1329.8 1462.36 1570.36 1668.52 2276.84 1940.16 1432.04 1771.88 2198.52 2254.12 1353.88 2191.64 2817.04 3041.6 2654.4 3726.44 4633.12 3790.12 2704.08 2851.12 3733.76 4428.08 4454.08 4507.36 4742.64 4511.6 4263.64 4968.24 4711 4845.8 3580 3437.36 3723.8 3430.76 2319.28 3278.88 4085.52 4703.72 4543.04 3700.68 2293.52 2826.44 3123.56 3484.48 4124.96 4273.36 5003.48 4471.96 4203.88 4433.56 4623.72 4762.52 5409.44 5208.08 4549.12 4212.76 3767.08 4944.84 5446.88 5261.76 4898.08 5737.72 5048.64
1977.56 2376.04 2516.44 2552.12 1854.76 1678.08 1607.32 1268.52 1328.92 1326.56 1631.2 1784.72 1335.2 1376.8 1505.12 1882.16 3101.44 3961.08 3172.8 3745.08 3756.32 4233.28 4435.12 3453.96 2776.08 3293.8 3232.52 3567.08 3575.4 4036.2 4638.24 4507.52 4859.12 4910.64 4390.92 4712.8 4202.68 3411.28 3243.32 2987.08 2182.4 2656.92 3252.08 4015.32 4062.88 2647.08 2362.56 3958.12 4499.44 4964.96 4873.48 4917.68 4735.8 4637.68 3781.88 3905.88 4595.76 5375.48 4661.92 4439.28 4365.8 3733.48 4807.04 5116.84 5275.32 5585.24 5567.72 4368.52
2345.68 2872.56 3193.8 2988.24 2287.32 2318.68 2270.8 2024.36 2061.6 2669.8 2548.04 2375 2101.4 2868.04 3061.32 2852.16 3760.04 4546.24 3707.04 4538.4 4672.88 4923.64 4523.84 3598.08 3022.88 2675.52 3481.64 3819.28 3715.92 4073.64 4050.92 4642.88 4837.8 4782.04 4868.04 4856.2 3789.24 4413.12 4454.48 3945.28 2572.68 2218.48 2362.2 2494.08 2402.32 2369.28 2523.64 2850.96 3152.64 3841.44 4440.84 4674.68 4915.24 5015.12 4583.08 3726.8 4045.16 4870.8 5235.88 4825.68 4144 3554.8 4266.96 5016.2 5231.92 5072.48 5424.08 4809.72
2705.44 3448.88 3471.04 2755.36 2795.12 3058.44 2681.96 2153.36 2545.8 3758.44 3075.8 2436.08 2398.4 3081.84 3602 4091.92 3997 4704.76 4250 4536.8 5450.88 5376.8 4363.8 3955.8 3153.12 2922.4 3988.28 4639.92 4140.12 4517.16 4304.68 4382.48 4748.96 4547.44 4398.44 4263.96 3796.2 4102.72 4385.32 4328.24 2881.84 2267.04 2203.72 2242.76 2266 2236.68 2297.56 2455.08 2885.4 3144.84 4006.04 4394.8 4587.28 4930 4733.84 3894.16 3353.36 4328.64 4724.96 5032.52 4565.56 3473.8 3908 5125.12 5284.36 4834.96 4485.72 5039.88
3411.64 3588.2 3767.2 3102.84 3567.88 3445.04 2536.48 2453.56 2448.4 3160.8 3497.64 2596.2 2773.56 3554.2 3521.24 3996 4622.4 5334.92 6041.08 5786.44 5625.72 3775.08 4152.48 3831.32 2807.68 2806.48 3629.52 4591.36 4718.84 4417.6 4541.52 4515.96 4624.08 4721.36 4266.04 4680 4173.28 4515.44 4243.88 4620.8 3689.96 2861.44 2504.24 2503.04 2678.56 3000.36 3457.44 3854.08 3537.28 2851.32 3943.44 3869.64 4318.4 4859.88 4859.8 4362.04 3307.32 3506.72 3849.92 4463.48 4340.28 3432.4 3084.52 4023.04 4694.44 4896.96 4113.12 4048.16
4132 4056 4185.96 3698.8 4224.48 3647.68 2839 3470.8 3010.48 3293.16 4139.84 2877.44 3078.12 4142.08 4222.4 4930.52 5164.96 5300.92 6847.8 5564.4 4607.48 3452.96 3178.04 3261.08 2979.4 3095.84 3051.88 3963.2 3960.8 4058.12 3973.6 4459.72 4691.84 4459.28 4713.8 4745.96 4565.24 4874.08 4475.44 4569.16 4500.6 4065.68 3767.36 3386.6 3837.48 4595.64 4851.48 4070.36 3489.12 2895.84 2653.84 2825.8 3703.68 4417.4 4147.44 3917.32 3419.84 2587.92 2693.24 3614.64 4451.56 3459.92 2684.6 3138.84 4250.24 4869 4792.08 3805.52
3991.68 4037.2 4136.4 4196.76 4167.24 3359.48 3488.12 3870.92 3448.32 3797.76 4547.52 3619.4 3544.56 4601.8 4724 5064.32 4961.12 4987.04 4266.96 3692.88 3585.84 3341.36 3745.76 2913.84 3567.04 3574.2 3482.88 3038.88 3803.16 4388.04 4153.96 4034.68 4251.88 4650.84 4711.68 4569.8 4744.96 4618.08 4623.76 4415.44 4657.84 4494.6 3711.68 3193.76 4141.96 4824.28 4646.52 4304.04 3798.12 3498.08 2799.84 3049.68 2506.88 2702.32 2930.24 2727.76 2699.28 3292.04 3477.04 2651.76 2990.52 2899.8 2521.72 3055.8 2995.44 3044.48 3212.4 3373.12
3779.28 4024.2 4009.84 4277.52 4034.44 4013.6 4145.48 4047.48 3753.16 3964.24 4613.72 3997.36 3779.04 4474.28 5466.64 5195.92 4279.04 4368.72 4376.4 4783.72 4008 4298.08 3874.2 2795.6 3689.48 4145.12 4139.64 3719 3268.32 3997.36 4387.24 4585.84 4347.08 4385.2 4691.92 4678.12 4660.96 4560.52 4425.88 4491.84 4392.28 4590.12 4193.68 3888.16 4446.36 4479.68 4229.04 4202.12 4198.36 3459.52 3109.48 2666.48 3845.44 3696.28 3585.88 3806.08 3631.16 4184.8 4296.36 4191.36 2957.84 2870.8 2783.88 2590.6 3758.64 3914.44 4048.56 4402.88
4115.92 4130.8 4127.64 3980.76 3921.12 4100.72 4025.4 4168.6 4142.88 4386.32 3991.16 4630 4273.36 4552.32 4914.44 4961.92 4777.88 5261.08 4852.24 4554.88 4015.88 4618.88 3750.72 2943.4 3476.6 4252.28 4395.4 4168.72 4029.8 3542.44 3780.6 4240.2 4418.8 4579.56 4442.68 4437.92 4450.2 4368.72 4255.84 4232.8 4223.2 4248.96 4166.08 4307.6 4612.08 4494.08 3996.08 3919.16 3582.8 3585.52 3522.88 3179.76 2809.68 3439.8 4283.44 4622.36 4633.88 4763.28 4648.92 4674.52 4208.96 4095.56 3796.64 3360.16 3486.08 4709.72 4930.56 4846.16
4196.44 4091.48 3781.24 3657.52 4038.24 4189.68 4132.8 4001.76 4282.16 4208.48 4143.52 4495.52 4455.64 4721.16 4456.44 4150.2 4276.48 5064.08 4747.24 4302.64 4411.36 4166.68 3328.52 3502.6 3287.24 3792.96 3961.04 4303.68 4154.04 3928.04 3507.44 4045.44 4330.56 4486.24 4355.48 4247.08 4151.36 4123.92 4023.28 4008.68 4041.64 4102.28 4339 4393.28 4578.4 4473.48 4393.44 4509.76 4171.56 4289.72 4051.52 3466.2 2831.04 2692.88 3269.12 4110 4430.6 4838.32 4968.52 4931.76 4863.12 5003.6 4549.68 3994.72 2997.68 4344.96 5018.48 5114.72
4198.72 4190.64 4118.96 3588.44 4062.16 3991.28 4100.08 3964.12 4075.2 3855 4302.84 4084.68 4090.44 4341.4 4094.92 3832.92 3823.32 4547.28 4503.72 4305.68 4154.6 3493.64 4008.16 4127.16 3298.52 3482.52 4128.44 4087.56 4388.36 4205.2 3753.56 3721.84 4096.08 4372.12 4408.24 4226.52 4178.96 4007.2 3909.24 4087.24 4090.72 4101.08 4303.2 4440 4542.64 4719.12 4648.96 4887.64 4724.84 4600.2 4156.12 3274.28 3923.28 3555 3060.8 2949.36 3440.92 4313.24 4234.2 4726.16 5143.56 4923.64 4807.64 4680.96 3266.88 3782.12 4395.76 4781.24
4207.72 4447.8 3931.72 3571.96 3750.6 4169.04 4112.08 3752.72 3690.52 4162.08 3201.12 4116.48 3876.16 3960.08 4283.88 3660.88 3966.12 3804.56 4304.76 3949.36 3709.44 4355.04 4639.48 4295.08 3634.6 3359.04 4027.4 4234.32 4317.28 4314.68 3970.36 4123.84 4143.04 4213.6 4156.08 4103.6 4073.24 3978.2 3902.56 4131.92 4175.96 4438.56 4462.76 4576.4 4473.4 4683.72 4806.4 4945.72 4610.92 4250.72 4037.6 3699.8 4524.8 4277.32 3748.96 3442.4 2922.68 3369.08 4039.4 4535.8 4818.24 5075.28 4751.92 4331.68 3873.88 2980.48 4186.36 4299.84
3418.88 3236.72 3460.68 4010.04 4072.16 3942.48 4163.2 4046.6 3777.84 3211.96 3180.32 4204.08 4479.8 3464.04 3579.24 3413.08 3682.6 4250.88 4328.76 4416.92 3846.76 4509.68 4314.84 3804.08 3828.56 3531.72 3686.6 3525.4 3766.52 4014.88 4135.84 4179.72 4363.32 4259.64 4117.84 4134.64 4014.88 3982.44 3887 3949.6 4132 4501.28 4683.96 4788.04 4701.6 4730.36 4798.48 4837.56 4994.36 5034.36 4486.28 4235.88 4872.76 4258.88 4198.32 4033.16 3564.52 3430.12 3051.4 3445.76 4148 4889.4 5004.48 4786.48 3661.04 3864.24 3141.72 3345.24
3662.4 3771.68 3760.52 3839.92 3981.84 4236.8 3665.52 3565.52 3408.12 2720.6 3724.4 4415.84 3970.84 3918.12 2899.16 3296.2 4012.56 4263.2 4506.92 4268.28 4161.8 4630.8 4016.88 4158.8 3841.76 3638.52 4264.96 4266.8 3731.88 4015.2 4243.52 4204.68 4118.2 4247 4190 4055.76 4030.84 3985.32 3919.64 3857.72 4060.08 4700.08 4568.44 4758 4799.76 4696.92 4658.16 4906.2 4954.16 4988.52 4902.56 4771.56 4937.08 4727.16 4186.24 4037.8 3753.52 2913.64 3698.24 4584 4460.6 4431.44 4910.84 4562.56 4920.96 4112.28 4171.2 4010.92
4086.16 4204.6 3781.28 3945.44 4073.52 4003.16 4047.12 3859.04 3422.48 2476 3742.92 3938.2 3333.88 3000.44 3157.24 4039.28 3914.96 4228.64 4192.04 3795.2 4141.76 4284.04 4165.68 4009.36 3985.36 3806 3728.88 4103.8 4009.8 3967.28 3992.24 3936.12 4166 3937.04 4056.48 4192.2 4269.24 4158.56 4193.48 4200.32 4051.24 3997.36 4049.72 4326.72 4730.28 4841.76 4402.28 4910.96 4468.68 4775.12 4916.8 4918.24 4849.76 4638.24 4342.52 3727.44 3206.4 3073.68 4142.4 4357.4 4883.52 4781.64 4882.68 4701.64 5172.84 4614.56 4493.24 4908.76
4185.68 4374.52 4291.44 3897.48 4078.88 3786.2 3973.2 3339 2945.08 2308.2 2811.16 2785.76 2657.64 2570.68 2828.24 2915.44 3031.52 3295.28 3310.32 3328.52 3831.88 3958.28 3866.52 4045.08 4159.36 4096.32 3937.28 4129.28 4111.28 3698 3529.28 3775.32 4191.12 4092.16 3941.4 3970.48 4439.04 4419.4 4499.36 4518.96 4481.28 4514.76 4514.04 3966.8 3978.8 4421.32 4448.48 4785.96 4703.36 4426.36 4688.6 4913.88 4868.52 4687.68 4176.52 3711 3347.88 2872.28 3962.84 4573.4 4849.72 4926.48 4964.36 4892.88 5091.64 4928.68 4635.36 5103.96
4123.68 4261.92 3985.16 3448.52 3193.56 3464.48 3690.72 2801.56 2275.72 2598.12 3266.28 2950.84 3166.76 2925.48 2704.6 3011.84 2745.16 2592.56 2761.56 2826.64 3097.44 3464.32 3205.48 3358.68 3596.56 3799.72 4049.44 3820.76 3690.72 3294.2 3296.72 3574.52 3678.56 3959.64 3963.44 3695.2 3896.28 4163.12 4417.6 4523.52 4575.28 4616.68 4513.6 4328.72 3971.6 3750.92 4518.72 4323.56 4802.56 4445.4 4334.24 4813.36 4853.12 4617.68 4224.4 3994.64 3796.4 2936.64 3961.24 4016.44 4339.04 4686.08 4795.88 5044.52 4972.32 5008.24 5069.68 5078.6
4096.12 4087.48 3282.08 3091.2 2123.56 2411.2 2881.28 2631.2 2424.56 2748.52 3375.76 2840.12 3228.76 2939.24 2650.12 3482.68 3400 3420.08 3433.56 3090.56 2856.72 2672.76 2690.24 3134.32 3274.08 3416.4 3570.88 3322.08 3024.76 3556.8 3928.6 4244.12 4087.56 3723.28 4101.68 3774.52 3902.04 3701.04 3840.08 4197.96 4676.72 4725 4617 4254.96 4617.52 4338.16 3495.32 3976.32 4731.04 4079.76 4432.36 4818.04 4778.68 4432.76 3803.44 3445.92 3032.24 3066.12 2958.84 3734.52 4225.24 4585.68 4885.72 4806.04 4664.68 5004.88 4964.04 4982.68
3505.88 2844.16 2690.48 2305.72 2388.2 3087.6 2822.48 2384.44 2840.36 2593.04 3193.68 3360.92 3246.28 3201.88 2675.68 3090.4 3083.64 3708.48 3636.96 3310.32 3285 2684.68 3672.16 3411.04 3359.04 3473.12 3050.96 3189.64 3352.36 3722.4 3901.56 4156.48 4197.76 4235.52 4320.8 3859.6 4266.32 4456.88 4019.36 3686.52 4076.2 4266.72 4598.16 4002.28 4159.16 4467 3389.8 3723.2 4494.52 4036.64 4220.28 4840.2 4354.16 4749.24 4210.24 3651.24 3113.08 3936.64 3478.48 3122.36 3655.64 4000.88 4494.12 4337.76 4065.44 4615.68 4992.64 4582.44
3889.72 3519.04 2446.52 1759.04 2764.4 3410.96 3052.24 2590.84 2702.48 3091.44 2876 2833.8 2462.28 3036.04 3059.72 2595.04 2890.88 3226.36 3503.2 3424.92 2827.84 2706.4 2896.28 2678.56 3300.88 3084.52 3026.12 3312 3090.32 3305.96 3794.28 4042.4 4276.4 4362.88 4236.56 3925.32 4453.76 4288.88 4349.12 4373.16 3691.24 3602.48 3698.24 3706.44 3715.48 3503.28 3625.2 3875.28 3438.04 3415.24 3593.44 3946.48 4227.56 3901.4 3908.44 3185.28 3336.44 4031.92 4025.84 3549.56 3160.72 3259.4 3498.24 3694.64 4060.76 4524.72 4896.08 4229.44
2834.76 2585.44 2128.72 2250.68 2561.04 2787.8 3000.72 2715.04 2932.56 2779.68 2371.88 2629.28 2252.76 2388.56 2827.4 2986.2 3113.2 3508.24 3499.64 3608.2 3152.04 3249.96 3641.36 3322.6 3283.4 3185.16 3131.6 2912.12 3000.76 3249.24 3607.92 3808.96 4117.6 4016.64 4253.68 4236.4 4219.68 4387.48 4644.52 4334.8 4057.56 4230.76 4149.44 4074.2 4511.28 4353.4 3979.88 3594 3603.88 3796.64 3786.48 3339.88 3571.36 3173.56 3197.8 3134.24 3627.28 4237.2 4608.04 4024.28 3952.52 3521.84 3626.36 3676.44 3298.76 3605.32 4411.68 3886.24
2022.52 1792 1895.52 2513.16 3179.32 2959 2575.96 2572.2 2366.36 2147.84 1805.2 2027.36 1946.16 2152.28 2421.24 2305.4 2825.6 3284.36 3128.4 3341.28 3299.88 3514.64 3903.44 3851.36 3960 3540.12 3378.64 3583.88 2880 2947.44 3168.92 3393.56 3629.88 3511.52 3604.48 3882.28 4299.48 4426.52 4646.12 4634.68 4485.52 4491.16 4387.32 4565.56 4660.04 4851 4467.6 4210.32 4616.16 4696.8 4514.4 3570.12 3161.64 3935.32 3627.28 3062.88 3278.48 3397.48 3778.84 3998.36 4085.44 4067.64 4178.52 4196.2 3496.12 3530.92 3466.12 3487.28
1903.68 2119 2724.56 3310.2 2908.84 2780.44 2025.52 2000.84 1921.8 1649 1649.56 1769.96 1852.36 1825.4 1792.12 1988.24 2249.24 3110.16 2890.8 3136.96 3105.16 2782.24 3405.44 3695.08 3839.72 3748.76 3813.44 3836.68 3248 3432.2 3154.04 3197.32 3224.6 3242 3431.96 3649.24 3879.92 4661.24 4524.92 4456.92 4453.12 4742.84 4542.88 4714.56 4633.52 4746.6 4667.04 4813.76 4849.4 4907.24 4577.4 3843.2 3368.28 4455.92 4273.72 3272.56 2904.76 3203.84 3764.6 4084.2 3896.96 3983.52 3726.56 3657.8 3351.52 4024.28 3786.36 3282.96
1635.76 2331.52 3164.28 2884.24 2405.84 2237.96 1924 1778.16 1718.64 1692.32 1729.76 1619.8 2077.92 1971.8 1717.48 1987.92 2659.8 2928.08 2676.36 2483.88 2464.28 2230.44 2669.84 3030.84 3369.64 3715.16 4082.56 4045.48 3411.12 3889.84 3736.88 3928.08 3979.28 3384.6 4364.2 3973.24 4119.68 4264.72 4262.12 3979.96 3970.8 4231.4 4608.88 4658.04 4447.76 3986.84 4460.16 4590.12 4505.2 4578.04 3830.28 3307.36 4336.68 4361.16 3398.92 3155.2 3362.44 3283.72 3522.8 3451.88 3734.72 4028.96 3806.68 3630.88 3352.68 3644.56 3678.48 3227.32
1650.04 2396.76 2902.72 2523.88 2228.4 2290.92 2084.24 1933.56 1798.84 1686 1622.88 1604.28 1699.08 2015.32 2077.88 1915.48 2339.88 2033.88 1882 1865.92 1818.48 2487.64 3273.56 3522.88 3741.72 3875.2 3984.68 4113.8 3864.36 3658.88 4056.64 4173.56 3594.76 3800.68 3637.2 4247.56 4662.4 4412.36 4153.12 4194.44 4448.68 4141.36 3886.08 3892.2 3689 3597.52 3372 3434 3673.04 3928.2 3429.72 4164.04 4675.12 3695.6 3473.68 3829.16 4361.28 4016.76 3860.72 3404.32 4156.8 4644.8 4529.32 4081.64 3774.16 3566.2 3740.68 3702.24
1980.28 2138.16 2535.56 3046.4 2637.08 2847.44 2416.24 1990.84 1810.24 1681.28 1627.24 1581.36 1609.16 1641.48 2004.2 2188.48 2149.28 1637.12 1552.04 1557.92 1657.24 2098.32 2393.12 2937.12 3475.2 4011 4338.4 3667.76 3114.96 3969.28 4129.16 3871.32 3981.08 4183.96 3871.28 3798.12 4067.52 4451.76 4312.52 4675.44 4490.12 4460.4 4026.04 3649.96 3622.8 3661.64 3688.44 3859.24 3872.24 3960.76 4172.36 4090.56 3014.44 3023.28 3560.2 4138.04 4859.32 4548.28 3862.28 3402.2 3611.6 3780 3854.44 4010.84 3806.92 3729.68 4370.08 4430.88
1724.12 2468.64 3048.56 3813.44 3500.16 3142.44 2863.68 2338.76 1945.6 1797 1693.16 1625.08 1579.36 1561.24 1606.64 1661.76 1641.64 1565.04 1575.6 1562.44 1673.68 2255.96 2949 3195.56 3558.16 3600.8 3617.4 3180.4 2986.6 3399.68 3791.4 4067.48 4082.44 4057.96 3972.6 4260.88 4183.28 4602.24 4493.08 4748.48 4308.24 3988.04 3654.32 4190.48 4548.48 4130.8 4318.84 4441.64 4247.68 4376 4604.44 3766.24 3796.28 4525.12 4592.04 4080.76 4194.84 4401.04 3758.6 4024.36 3711.44 3802.04 3653.76 3791.68 3869.32 3648.84 3870.68 4315.04
1942.72 2276.16 2569.16 3047.32 3489.28 3179.76 2819.44 2454.72 2100.48 1883.52 1760.88 1656.92 1594.96 1567.36 1556.56 1555.6 1550.48 1568.56 1560.36 1558.96 1650.52 2350.6 3157.48 2897.24 2768 2563.96 2732.4 2536.96 3425.32 4026.16 3840.16 3836.08 3919.48 3451.6 3361.6 3237.32 3636.4 4346.24 4448.68 4090.56 4208.08 3781.36 3958.16 4570.48 4465.12 4637.64 4460.64 4753.6 4531.96 3986.72 3755.72 3314.92 4189.2 4865.92 4851.4 4587.96 4423.16 4619.48 4037.36 4415.2 4019.48 4490.68 4062.68 3996.4 4176.16 3859.92 3892.32 3780.2
2547.56 2441.84 2448.92 2815.44 3167.36 3651.28 3546.12 3076.48 2569.96 2260.8 1927.08 1729.68 1650.48 1587.56 1556 1558.24 1554.2 1554.16 1553.32 1554.72 1643.96 2413.8 2085.24 1845.6 1957.08 1980.44 2031.32 2920.08 3343.88 3769.92 3145.6 2846.72 2803.44 2879 3351.44 3349.76 3334.24 3507.88 3757.92 3995.76 4007.52 4548.08 4031.12 4534.32 4445.84 4861.8 4748.76 5338.44 4901.44 4509.48 4074.84 3308.2 3589.24 3858.2 4444.96 4521.68 4798.36 4644.8 4539.64 4524.32 4298.6 4705.36 4381.92 4016.28 4534.72 4424.12 4554.52 3868.12
