app/eomf/data/ecohealth/hpdn.asc
ncols         992
nrows         717
xllcorner     68.144226
yllcorner     5.633471
cellsize      0.041667
NODATA_value  -9999
[rows 0 to 55 of 106, columns 192 to 287 of 992]
10.68 27.68 38.96 36.44 48 48 48 44.72 12.92 0 7.56 32 33.68 26.96 3.52 0 0 0.08 15.64 16.4 14.04 0.36 16.4 2.48 0 0 0 0 0 3.24 6.56 5.56 3.48 2.12 4.28 5.24 4.64 4.08 1.24 1 1.04 1.92 1.68 1.04 1 1 1 1 1 1 1 1 1 1 1 1 1 1 1 1 1 1 1 1 1 1 0.76 0.72 1 1 1 1 1 1 1 1 1 1 1 1 1 1 1 1 1 1 1 1 1 1 1 1 8.64 11 11 8.64
41.36 31.92 8 25.08 27.84 48 48 48 9.32 0 0 40 15.12 15.28 0 0 0 0 0 0 4.64 16.16 5.96 13.6 0.16 0 0 0 0 0 0 0 0 0.24 0.84 1 1 1 1 1 1 1 1 1 1 1 1 1 1 1 1 1 1 1 1 1 1 1 1 1 1 1 1 1 1 1 1 0.84 1 1 1 1 1 1 1 1 1 1 1 1 1 1 1 1 1 1 1 1 1 1 1 1 3 10.8 10.48 5.44
24.44 4.12 7.16 12.92 41.68 48 48 39.04 5.72 0 2.44 34.8 30.48 2.6 11.76 20.6 0 0 0 0 0 0 11.36 17.04 14.92 5.68 0 0 0 0 0 0 0 0 0 0.84 1 1 1 1 1 1 1 1 1 1 1 1 1 1 1 1 1 1 1 1 1 1 1 1 1 1 1 1 1 1 1 1 1 1 1 1 1 1 1 1 1 1 1 1 1 1 1 1 1 1 1 1 1 1 1 1 1 1.88 1.16 1
45.16 38.72 6.88 13.72 29.24 47.4 48 47.56 38.68 6.16 26.04 31.96 34.44 31.8 29.28 29.08 6.2 0 1.08 0 0 0 0 19.2 10.08 21.44 0 2.52 0.64 0 0 0 0 0 0 0.4 1 1 1 1 1 1 1 1 1 1 1 1 1 1 1 1 1 1 1 1 1 1 1 1 1 1 1 1 1 1 1 1 1 1 1 1 1 1 1 1 1 1 1 1 1 1 1 1 1 1 1 1 1 1 1 1 1 1 1 1
48 48 26.88 29.24 5.56 43.32 48 48 33.08 45.44 30.48 36.16 41.64 47.64 48 42.64 5.24 0 22.8 0.16 0 0 0 0 25.36 21.04 0 26 16.64 0 0 0 0 0 0 0.56 0.96 1 1 1 1 1 1 1 1 1 1 1 1 1 1 1 1 1 1 1 1 1 1 1 1 1 1 1 1 1 1 1 1 1 1 1 1 1 1 1 1 1 1 1 1 1 1 1 1 1 1 1 1 1 1 1 1 1 1 1
48 48 48 47.88 27.2 48 48 48 48 48 48 48 48 48 47.2 22.64 4 19.92 30.48 9.72 0 0 0 8.44 32.44 23.68 29.6 29 3.48 0.04 0 0 0 0 0 0.04 0.88 1 1 1 1 1 1 1 1 1 1 1 1 1 1 1 1 1 1 1 1 1 1 1 1 1 1 1 1 1 1 1 1 1 1 1 1 1 1 1 1 1 1 1 1 1 1 1 1 1 0.64 0.12 0.24 0.44 0.96 1 1 1 1 1
48 48 48 48 48 48 48 48 48 48 48 48 46.36 29.28 22.92 2.8 39.2 32.76 34.32 17.24 0 0.12 11.48 29.68 9.68 42.44 34.84 4.52 0.24 0.28 0.16 0 0 0 0 0.04 0.48 1 1 0.72 0.2 0.68 1 1 1 1 1 1 1 1 1 1 1 1 1 1 1 1 1 1 1 1 1 1 1 1 1 1 1 1 1 1 1 1 1 1 1 1 1 1 1 1 1 1 1 1 0.56 0 0 0 0.84 1 1 1 1 1
48.08 48.08 48.16 48.08 48.08 48.16 48.08 48.08 48.16 48.08 48.08 48.16 48.08 38.04 10.52 27.8 48.08 48.16 47.92 25.36 2.52 0 0 17.88 29.28 25.08 2.44 0.8 0 0.12 0.04 0.08 0 0 0 0 0.28 0.88 0.76 0.56 0 0 0.36 0.92 1 1 1 1 1 1 1 1 1 1 1 1 1 1 1 1 1 1 1 1 1 1 1 1 1 1 1 1 1 1 1 1 1 1 1 1 1 1 1 1 1 1 1 0.76 0 0 0.44 1 1 1 1 1
48.2 48.2 48.4 48.2 48.2 48.4 48.2 48.2 48.4 48.2 48.2 48.4 48.2 45.24 47.44 45.56 48.2 48.4 48.2 44.12 33.28 9.12 0 0 0.12 0.84 1 0.84 0.28 0.08 0.24 0.04 0 0.12 0.76 0.92 1 1 0.36 0 0.28 0.56 0.24 0 0.72 1 1 1 1 1 1 1 1 1 1 1 1 1 1 1 1 1 1 1 1 1 1 1 1 1 1 1 1 1 1 1 1 1 1 1 1 1 1 1 1 1 1 0.84 0.24 0.24 0.8 0.92 1 1 1 1
48.68 48.68 48.76 48.68 48.68 48.76 48.68 48.68 48.76 48.68 48.68 48.76 48.68 48.68 48.76 37.2 9.36 40.4 46.76 1.88 0.28 0 0 0 0 0.56 0.96 1 1 0.92 0.28 0 0 0 0.32 0.32 0.36 0.32 0.64 0.72 0.96 0.68 0.16 0.36 0.32 1 1 1 1 1 1 1 1 1 1 1 1 1 1 1 1 1 1 1 1 1 1 1 1 1 1 1 1 1 1 1 1 1 1 1 1 1 1 1 1 1 1 1 1 1 1 1 1 1 1 1
49 49 49 49 49 49 49 49 49 49 49 49 49 49 49 34.84 0.24 7.48 37.44 1.96 0 0 0 0 0 0.04 0.4 1 1 1 0.68 0.64 0.2 0.44 0.16 0.28 0.28 0.4 0.92 1 0.96 0.68 0.4 1 1 0.92 0.6 1 1 1 1 1 1 1 1 1 1 1 1 1 1 1 1 1 1 1 1 1 1 1 1 1 1 1 1 1 1 1 1 1 1 1 1 1 1 1 1 1 1 1 1 1 1 1 1 1
49 49 49 49 49 49 49 49 49 49 49 49 49 49 49 46.36 18.56 0.08 0.2 0.48 0.16 0 0 0 0 0 0.2 0.84 1 1 1 1 0.64 0.68 0.28 0.88 0.72 0.4 0.12 0.76 1 1 1 1 1 1 0.56 0.84 1 1 1 1 1 1 1 1 1 1 1 1 1 1 1 1 1 1 1 1 1 1 1 1 1 1 1 1 1 1 1 1 1 1 1 1 1 1 1 1 1 1 1 1 1 1 1 1
49 49 49 49 49 49 49 49 49 49 49 42.96 28.84 17.56 8.36 1.36 1 0.52 0 0.28 0.04 0 0 0.4 0.28 0.24 0.12 0.2 0.76 1 1 1 1 1 0.8 0.16 0.04 0 0.28 0.48 0.76 1 1 1 1 1 0.84 0.64 1 1 1 1 1 1 1 1 1 1 1 1 1 1 1 1 1 1 1 1 1 1 1 1 1 1 1 1 1 1 1 1 1 1 1 1 1 1 1 1 1 1 1 1 1 1 1 1
49 49 49 35.48 26.72 27.92 28.28 28.6 29.76 24.4 10.4 1.08 1 1 1 1 1 0.6 0.24 1 0.56 0.36 0.6 0.44 0.64 0.76 0 0.16 0.08 0.84 1 1 1 1 0.92 0.2 0 0 0.2 0.2 0.16 0.36 0.04 0.32 1 1 1 0.68 0.84 1 1 1 1 1 1 1 1 1 1 1 1 1 1 1 1 1 1 1 1 1 1 1 1 1 1 1 1 1 1 1 1 1 1 1 1 1 1 1 1 1 1 1 1 1 1 1
8.68 5.44 6.32 1.04 1 1 1 1 1 1 1 1 1 1 1 1 1 1 1 1 1 1 0.48 1 0.44 1 0.68 0 0.16 0.72 0.4 1 1 1 0.96 0.04 0 0 0 0 0 0 0 0.12 0.48 0.92 1 1 0.96 1 1 1 1 1 1 1 1 1 1 1 1 1 1 1 1 1 1 1 1 1 1 1 1 1 1 1 1 1 1 1 1 1 1 1 1 1 1 1 1 1 1 1 1 1 1 1
4.68 1 1 1 1 1 1 1 1 1 1 1 1 1 1 1 1 1 1 1 1 1 0.8 1 1 1 0.6 0 0 0 0.08 0.76 1 1 1 0.44 0.4 0 0 0 0 0 0 0 0 0.24 0.88 1 1 1 1 1 1 1 1 1 1 1 1 1 1 1 1 1 1 1 1 1 1 1 1 1 1 1 1 1 1 1 1 1 1 1 1 1 1 1 1 1 1 1 1 1 1 1 1 1
5.84 1.16 1 1 1 1 1 1 1 1 1 1 1 1 1 1 1 1 1 1 1 1 1 1 1 1 0.8 0.52 0.12 0.32 0.76 0.92 1 1 1 0.92 0.04 0.04 0 0 0 0 0 0 0 0.12 0.12 1 0.68 0.76 1 1 1 1 1 1 1 1 1 1 1 1 1 1 1 1 1 1 1 1 1 1 1 1 1 1 1 1 1 1 1 1 1 1 1 1 1 1 1 1 1 1 1 1 1 0.6
6 3.12 1 1 1 1 1 1 1 1 1 1 1 1 1 1 1 1 1 1 1 1 1 1 1 1 1 1 0.88 0.8 1 1 1 1 1 0.64 0.04 0.12 0 0 0 0 0 0 0 0.8 0.16 0.64 0.88 0.92 1 1 1 1 1 1 1 1 1 1 1 1 1 1 1 1 1 1 1 1 1 1 1 1 1 1 1 1 1 1 1 1 1 1 1 1 1 1 1 1 1 1 1 1 0.72 0
6 5.96 1.28 1 1 1 1 1 1 1 1 1 1 1 1 1 1 1 1 1 1 1 1 1 1 1 1 1 1 1 1 1 1 1 1 1 0.88 0.76 0 0 0 0.12 0.48 0.72 0.72 0.96 0.88 0.92 1 0.72 0.92 1 1 1 1 1 1 1 1 1 1 1 1 1 1 1 1 1 1 1 1 1 1 1 1 1 1 1 1 1 1 1 1 1 0.64 0.72 1 1 1 1 1 1 1 1 0.16 0
6 6 4.92 1.28 1 1 1 1 1 1 1 1 1 1 1 1 1 1 1 1 0.8 0.28 0.84 1 1 1 1 1 1 1 1 1 1 1 1 1 0.88 0.44 0.4 0.04 0 0.08 0.2 0.28 0.84 0.6 0.28 0.96 1 0.92 0.64 0.88 1 1 1 1 1 1 1 1 1 1 1 1 1 1 1 1 1 1 1 1 1 1 1 1 1 1 1 1 1 1 1 1 0.44 0.04 0.96 1 1 1 1 1 1 0.92 0 0
6 6 6 5.16 1.32 1 1 1 1 1 1 1 1 1 1 1 1 1 1 1 0.88 0.36 1 1 1 1 1 1 1 1 1 1 1 1 1 1 1 0.64 0.2 0.72 0.36 0 0 0 0.88 0.12 0.12 0.56 1 1 0.4 0.12 0.68 0.56 0.76 1 1 1 1 1 1 1 1 1 1 1 1 1 1 1 1 1 1 1 1 1 1 1 1 1 1 1 1 1 0.88 0.28 0.88 1 1 0.76 0.4 0.2 0.16 0 0 0
6 6 6 6 5.36 4.36 2.4 2 1.2 1 1 1 1 1 1 1 1 1 1 1 1 1 1 1 1 1 1 1 0.96 0.96 1 1 1 1 1 1 1 0.88 0.8 1 1 0.2 0 0.12 0.24 0 0.2 0.96 1 1 0.44 0.2 0.2 0.48 0.76 0.44 0.4 0.76 0.76 1 1 1 1 1 1 1 1 1 1 1 1 1 1 1 1 1 1 1 1 1 1 1 1 1 1 1 1 1 1 0.24 0 0 0 0 0 0
6 6 6 6 6 6 6 6 4.68 1.16 1 1 1 1 1 1 1 1 1 1 1 1 1 1 1 1 1 1 0.24 0.4 1 1 1 1 1 1 1 1 1 0.56 0.36 0.04 0 0 0.08 0.2 0 0.84 0.92 1 0.92 0.4 0.36 0 0 0 0.28 0.76 0.84 1 1 1 1 1 1 1 1 1 1 1 1 1 1 1 1 1 1 1 1 1 1 1 1 1 1 1 0.92 0.6 0.24 0 0 0 0 0 0 0
6 6 6 6 6 6 6 6 6 4.88 2.48 1 1 1 1 1 1 1 1 1 1 0.8 0.92 1 0.48 0.52 1 1 0.32 1 1 1 1 1 1 1 1 1 1 1 0.96 0.24 0.32 0.48 0.28 0.04 0.32 0.24 0.32 1 1 0 0.12 0.36 0 0 0.32 0.68 0.16 0.36 0.8 1 1 1 1 1 1 1 1 1 1 1 1 1 1 1 1 1 1 1 1 1 1 1 1 1 0.52 0 0 0 0 0 0 0 0 0
6 6 6 6 6 6 6 6 6 6 6 3 1 1 1 1 1 1 1 1 1 0.72 0.88 1 0.92 1 1 0.64 0.88 1 1 1 1 0.76 0.76 1 1 1 1 1 0.36 0.72 1 0.52 0.2 0.04 0 0 0.08 0.92 1 0.64 0.92 0.08 0 0 0.04 0.92 0.92 0.6 0.52 0.96 1 1 1 1 1 1 1 1 1 1 1 1 1 1 1 1 1 1 1 0.8 1 1 1 1 0.12 0 0 0 0 0 0 0 0 0
6 6 6 6 6 6 6 6 6 6 6 3.72 1 1 1 1 1 1 1 1 1 0.92 0.64 1 0.64 0.56 0.6 0.2 0.68 1 1 1 1 0.56 0.88 1 1 1 1 1 1 0.96 0.32 0 0 0 0 0 0.28 0.84 1 1 1 0.84 0.48 0.2 0 0.64 1 0.96 1 1 1 1 1 1 1 1 1 1 1 1 1 1 1 1 1 1 1 1 0.96 0.08 0.16 0.56 0.8 0.68 0.16 0 0 0 0 0 0 0 0 0
6 6 6 6 6 6 6 6 6 6 6 4.48 1 1 1 1 1 1 1 1 1 0.56 0.92 1 1 0.44 0.28 0.28 0.92 1 1 0.64 1 1 1 1 1 1 1 1 1 0.68 0.44 0.04 0.4 0.32 0 0 0 0.24 0.92 1 1 0.64 0.28 0.04 0 0.12 0.28 0.12 0.6 0.88 0.6 0.88 1 1 1 1 1 1 1 1 1 1 1 1 1 1 1 1 1 0.68 0 0 0 0 0 0 0 0 0 0 0 0 0 0
6 6 6 6 6 6 6 6 6 6 6 5.92 1.36 1 1 1 1 1 1 1 1 0.8 1 1 1 0.8 1 0.88 0.92 1 1 1 1 1 1 1 1 0.44 1 1 1 1 1 0.76 0.84 0.84 0.08 0.04 0.32 0.6 1 1 0.4 0 0 0 0 0 0 0 0 0 0.16 0.56 1 1 1 1 1 1 1 1 1 1 1 1 1 1 1 1 1 1 0.08 0 0 0 0 0 0 0 0 0 0 0 0 0
6 6 6 6 6 6 6 6 6 6 6 6 1.96 1 1 1 1 1 1 1 1 1 1 1 1 1 1 1 1 1 1 1 1 1 1 1 1 0.72 1 1 1 0.96 1 1 1 1 0.56 0.04 0 0.04 0.32 0.84 0.24 0.16 0.4 0.28 0.2 0.76 0.16 0.24 0.2 0 0 0 0.64 1 1 1 1 1 1 1 1 1 1 1 1 1 1 1 1 1 0.4 0 0 0 0 0 0 0 0 0 0 0 0 0
6 6 6 6 6 6 6 6 6 6 6 6 2.44 1 1 1 1 1 1 1 1 1 1 1 1 1 1 1 1 1 1 1 1 1 1 1 1 1 1 1 1 0.88 0.48 0.52 0.88 0.96 1 0.44 0.04 0 0.4 1 0.92 0.64 0.4 0.84 1 1 0.92 0.68 0.84 0.84 0.6 0.68 1 1 1 1 1 1 1 1 1 1 1 1 1 1 1 1 1 1 0.2 0 0 0 0 0 0 0 0 0 0 0 0 0
6 6 6 6 6 6 6 6 6 6 6 6 4 1 1 1 1 1 1 1 1 1 1 1 1 1 1 1 1 1 1 1 1 1 1 1 1 1 1 1 1 0.64 0.56 0 0.08 0.84 1 0.96 0.8 0.04 0.96 1 0.48 0 0 0.48 0.48 0.64 0.04 0.92 0.48 0.96 1 1 1 0.44 0.92 1 1 1 1 1 1 1 1 1 1 1 1 1 1 0.44 0 0 0 0 0 0 0 0 0 0 0 0 0 0
6 6 6 6 6 6 6 6 6 6 6 6 5.48 1 1 1 1 1 1 1 1 1 1 1 1 1 1 1 1 1 1 1 1 1 1 1 1 1 1 1 1 0.36 0.16 0.84 0.48 0.08 0.16 1 1 0.56 1 0.92 0.08 0 0 0 0 0 0 0.24 0.04 0.92 1 1 0.92 0.16 0.76 1 1 1 1 1 1 1 1 1 1 1 1 1 0.92 0.04 0 0 0 0 0 0 0 0 0 0 0 0 0 0
6 6 6 6 6 6 6 6 6 6 6 6 5.96 1.96 1 1 1 1 1 1 1 1 1 1 1 1 1 1 1 1 1 1 1 1 1 1 1 1 1 0.76 0.52 0.12 0.52 0.68 0.88 0.92 0.56 1 1 1 1 0.8 0 0 0.04 0.48 0.68 0.08 0 0 0.32 0.88 1 0.56 0.4 0.68 1 1 1 1 1 1 1 1 1 1 1 1 1 1 0.72 0 0 0 0 0 0 0 0 0 0 0 0 0 0 0
6 6 6 6 6 6 6 6 6 6 6 6 4.4 3.04 1 1 1 1 1 1 1 1 1 1 1 1 1 1 1 1 1 1 1 1 1 1 1 1 1 0.56 0.12 0 0.04 0.36 0.88 1 1 1 1 1 0.56 0.04 0.12 0.12 0.76 1 1 1 0.84 0.12 0.16 0.16 0.68 0.8 1 1 1 1 1 1 1 1 1 1 1 1 1 1 1 0.68 0.04 0 0 0 0 0 0 0 0 0 0 0 0 0 0 0
6 6 6 6 6 6 6 6 6 6 6 4.96 4.76 4.04 1 1 1 1 1 1 1 1 1 1 1 1 1 1 1 1 1 1 1 1 1 1 1 1 1 1 0.76 0.12 0 0.16 0.04 0 0.6 1 1 1 0.76 0.76 0.68 0.92 1 1 1 1 1 0.24 0 0.36 0.96 1 1 1 1 1 1 1 1 1 1 1 1 1 1 1 0.96 0.08 0 0 0 0 0 0 0 0 0 0 0 0 0 0 0 0
4.52 6 5.04 5.6 6 6 6 6 6 6 6 6 4.2 2.6 1 1 1 1 1 1 1 1 1 1 1 1 1 1 1 1 1 1 1 1 1 1 1 1 1 1 1 1 0.44 0.36 0.84 1 1 1 1 1 1 1 1 1 1 1 1 1 1 0.28 0.28 0.16 0.2 1 1 1 0.8 0.36 0.28 0.76 1 1 0.76 0.6 0.6 0.6 0.76 0.8 0.52 0 0 0 0 0 0 0 0 0 0 0 0 0 0 0 0 0
4.12 2.52 1 4.48 6 6 6 6 6 6 6 4.12 1.04 1 1 0.4 0.4 0.36 0.64 1 1 1 1 1 1 1 1 1 1 1 0.72 0.24 0.6 1 1 1 1 1 1 1 1 1 0.52 0.08 0.48 0.96 1 1 1 1 1 0.76 0.88 1 0.8 0.68 0.68 1 1 1 1 1 0.8 1 1 1 0.16 0 0 0 0.04 0.12 0 0 0 0 0 0 0 0 0 0 0 0 0 0 0 0 0 0 0 0 0 0 0 0
0.72 0.08 4.64 6 6 6 6 6 5.84 4.28 4.96 5.52 1.44 0.84 0.08 0.12 0.2 0.52 1 1 1 1 1 1 1 1 1 0.8 0.92 1 1 0.68 0.08 0.72 1 1 1 1 1 1 1 1 0.64 0 0.04 0.88 0.96 0.8 0.88 1 1 0.8 0.24 0.72 0.96 0.24 0.36 0.92 1 1 1 1 1 1 1 1 0.48 0 0 0 0 0 0 0 0 0 0 0 0 0 0 0 0 0 0 0 0 0 0 0 0 0 0 0 0 0
1.4 1.16 4.08 5.76 6 6 6 5.72 2.68 0 0.4 5.12 4.56 1 0.8 0.96 1 1 1 1 1 1 1 1 1 1 1 0.68 0.12 0.96 1 1 0.84 0.36 0.56 1 1 1 1 1 1 1 0.88 0.2 0 0.32 0.32 0.52 0.84 1 1 1 0.68 0.12 0.64 0.88 0.24 0.16 0.64 1 0.8 0.4 1 1 1 1 0.96 0.16 0 0 0 0 0 0 0 0 0 0 0 0 0 0 0 0 0 0 0 0 0 0 0 0 0 0 0 0
0 1.44 2.8 4.36 6 4.72 6 5.72 4.6 0 0 1.28 5.36 3.72 1.2 1 1 1 0.64 0.48 0.84 0.16 0.8 1 0.48 1 1 0.72 0.08 0.84 1 1 1 0.8 0.04 0.68 1 1 1 1 1 1 1 0.8 0 0.08 0.12 0.04 0.64 0.76 0.88 0.96 1 0.96 0.32 0.56 1 0.6 0.08 0.68 1 0.88 0.88 1 1 1 1 0.76 0 0 0 0 0 0 0 0 0 0 0 0 0 0 0 0 0 0 0 0 0 0 0 0 0 0 0 0
0 0 0.48 2.36 3.56 3.68 5.92 6 5.68 2.8 0 1.88 5.6 3.6 4.48 1 1 1 1 0.36 0.08 0.44 0.36 0.48 0.4 1 1 1 0.16 0.68 1 1 1 1 0.8 0.6 0.68 0.96 1 1 1 1 1 1 0.6 0.28 0.08 0.08 0.28 0.08 0.16 0.6 1 1 0.96 0 0.64 1 0.72 0.12 0.68 1 1 1 1 1 1 1 0.36 0 0 0 0 0 0 0 0 0 0 0 0 0 0 0 0 0 0 0 0 0 0 0 0 0 0 0
0 0 0 0.6 1.2 2.4 5.96 6 6 2.48 0.52 0 2.96 1 1.08 0.96 1 1 1 0.92 0.32 0.12 0.08 0.36 0.52 1 1 0.92 0.24 0 1 1 1 0.52 0.36 0.16 0.2 0.68 1 1 1 1 1 1 1 1 0.8 0.32 0 0 0.36 0.88 1 1 1 0.88 0.08 0.64 1 0.72 0.04 0.64 1 1 1 1 1 1 0.72 0 0 0 0 0 0 0 0 0 0 0 0 0 0 0 0 0 0 0 0 0 0 0 0 0 0 0
10.76 3.36 0 0 0 2.16 1.12 1.4 3.92 6 2.64 0.24 0.12 0.56 0.16 0.8 1 1 1 0.96 0.36 0.36 0.64 0.64 1 1 1 1 0.68 0.68 1 0.52 0.92 0 0 0.12 0.96 1 1 1 1 1 1 1 1 1 1 0.96 0.36 0.12 0.24 0.36 0.48 1 1 1 0.2 0 0.92 1 0.6 0.04 0.2 0.48 0.28 0.24 0.32 0.28 0.92 0.12 0 0 0 0 0 0 0 0 0 0 0 0 0 0 0 0 0 0 0 0 0 0 0 0 0 0
17.52 6.04 0 0 0 0.56 0.96 1 1.24 4.28 2.56 1 0.48 0.32 0.28 0.48 1 1 1 1 0.8 0.4 0.44 0.04 0.64 1 1 1 1 1 1 0.28 0.52 0.04 0 0.48 1 1 1 1 0.52 0.16 0.88 1 1 1 1 0.68 0.16 0.52 0.2 0.16 0.76 1 1 1 0.96 0.56 0.8 1 1 0.68 0.16 0.44 0.68 0.68 0.8 0.76 1 0.76 0.04 0 0 0 0 0 0 0 0 0 0 0 0 0 0 0 0 0 0 0 0 0 0 0 0 0
10.88 3.88 0 0 0.08 0.08 0.44 1 0.84 0.6 1 1 0.96 1 0.8 0.88 0.36 0.68 0.88 1 1 1 1 1 0.56 0.56 1 1 1 1 1 0.68 0.96 0.44 0 0.08 0.6 1 1 1 1 0.56 0.08 0.96 1 1 1 1 1 0.96 0.44 0.36 1 1 1 1 1 1 1 1 1 1 0.96 1 1 1 1 1 1 1 0.52 0 0 0 0 0 0 0 0 0 0 0 0 0 0 0 0 0 0 0 0 0 0 0 0 0
1.52 0.32 0 0.16 0 0 0.08 0.56 0.12 0.16 0.48 0.72 0.72 1 1 0.96 0.56 0.48 0.2 1 1 1 1 1 1 0.76 1 1 1 1 1 1 1 1 0.12 0 0.52 0.84 1 1 1 0.92 0.16 0.24 0.96 1 1 1 1 0.68 0.12 0.52 1 0.68 1 1 1 1 1 1 1 1 1 1 1 1 0.52 0.4 0.32 0.2 0.04 0 0 0 0 0 0 0 0 0 0 0 0 0 0 0 0 0 0 0 0 0 0 0 0 0
0 0 0.28 2.32 0 0 0 0 0 0 0 0.24 0.68 1 1 1 1 0.6 0.84 1 1 0.92 1 0.68 1 1 1 1 1 1 1 0.48 1 1 0.44 0 0.2 0.64 0.92 0.28 0.76 0.6 0.36 0.8 1 1 1 1 1 0.72 0.96 0.52 0.28 0.84 1 0.68 1 1 1 1 1 1 1 1 0.52 0.8 0.48 0 0 0 0 0 0 0 0 0 0 0 0 0 0 0 0 0 0 0 0 0 0 0 0 0 0 0 0 0
1.76 5.56 11.08 19 13.68 3.32 1.6 5.6 0 0 0.28 0.76 0.64 0.68 0.92 1 1 1 1 1 1 0.36 0.36 0.4 0.8 1 1 1 1 0.6 0.96 0.28 1 1 0.96 0.36 0 0.36 0.24 0.08 0 0.04 0.88 1 1 1 1 1 1 1 0.76 0.4 0.92 1 1 0.08 0.88 1 1 1 1 1 1 1 0.96 0.44 0.28 0.04 0 0 0 0 0 0 0 0 0 0 0 0 0 0 0 0 0 0 0 0 0 0 0 0 0 0 0 0
0 2.2 15.64 19 19 16.48 14.32 15.92 5.6 0.12 0.88 0.28 0 0.08 0.76 1 1 1 0.96 0.8 0.44 0.2 0.56 0.72 0.6 1 1 1 0.8 0 0.52 0.44 1 1 1 0.88 0 0.24 0.36 0 0.32 0.2 0 0.56 1 1 1 1 1 1 1 1 1 1 1 0.52 0.8 1 1 1 1 1 1 1 1 1 1 0.04 0 0 0 0 0 0 0 0 0 0 0 0 0 0 0 0 0 0 0 0 0 0 0 0 0 0 0 0
0 1.88 11.72 19 19 19 19 19 9.52 7.4 0.8 0.16 0 0.56 0.96 0.76 0.52 1 0.92 0.16 0.16 0.2 0.92 0.92 1 1 1 1 1 0.2 0.28 0.68 0.64 0.96 1 0.76 0.08 0 0.12 0.92 0.72 1 0.88 0.96 1 1 1 1 1 1 1 1 1 1 1 0.32 1 1 1 1 1 1 1 1 1 1 1 0 0 0 0 0 0 0 0 0 0 0 0 0 0 0 0 0 0 0 0 0 0 0 0 0 0 0 0 0
11.84 15.04 19 19 17.84 17.84 19 19 15.16 8.64 2.72 1.44 0.04 0.08 0.52 0.24 0.76 1 1 1 0.44 0.16 0.84 0.92 0.32 1 1 1 1 0.72 0 1 0.28 0.64 0.44 0.32 0.8 0.44 0.8 1 0.96 0.76 0.92 1 1 1 1 1 1 1 1 1 1 1 0.84 0.48 1 1 1 1 1 1 1 1 1 1 1 0.16 0 0 0 0 0 0 0 0 0 0 0 0 0 0 0 0 0 0 0 0 0 0 0 0 0 0 0 0
19 19 19 18.88 3.88 12.08 19 19 11.36 0 9.08 3.08 0 0 0.64 0.08 0.88 0.72 0.88 1 0.76 0.04 0 0.8 0.52 0.64 1 1 1 0.52 0 0.8 0.76 0.4 0.76 1 1 1 0.96 0.56 0.48 0.04 0.6 1 1 1 0.92 0.6 0.84 0.96 1 1 1 1 1 0.92 1 1 1 1 1 1 1 1 1 1 1 0.92 0.2 0 0 0 0 0 0 0 0 0 0 0 0 0 0 0 0 0 0 0 0 0 0 0 0 0 0 0
19 19 15.08 4.68 10.72 13.24 19 19 18.16 9.08 13.04 0.48 0.36 0 0.16 0.92 0.8 0.56 0.88 1 1 0.56 0.04 0.84 0.48 0.88 1 1 0.56 0.36 0.48 1 0.92 0.84 0.2 0.8 1 1 0.8 0.04 0.08 0.04 0.68 0.6 0.4 0.48 0.76 0.2 0.04 0.36 0.68 0.96 1 1 1 1 1 1 1 1 1 1 1 1 1 1 1 1 1 0.44 0 0 0 0 0 0 0 0 0 0 0 0 0 0 0 0 0 0 0 0 0 0 0 0 0 0
19 19 13.04 18.16 19 16.92 19 19 19 19 5.96 7.2 1.88 0.64 1.76 0.56 0.36 0.04 0.64 0.76 0.8 1 0.8 1 1 1 0.84 1 1 1 1 0.8 0.6 1 1 0.52 1 1 1 0.52 0 0.72 1 1 0.96 1 1 1 0.84 0.56 0.68 0.88 1 1 1 1 1 1 1 1 1 1 1 1 1 1 1 1 1 1 0.2 0 0 0 0 0 0 0 0 0 0 0 0 0 0 0 0 0 0 0 0 0 0 0 0 0
19 19 19 19 19 19 19 19 19 19 19 16.84 17.36 15.12 1.52 0 0 0 0.44 0.32 0.56 1 1 1 0.96 0.44 0.4 0.4 0.6 0.6 1 1 0.44 0.96 1 0.88 0.84 1 1 0.96 0.52 1 0.76 0.92 1 1 1 1 1 1 1 1 1 1 1 1 1 1 1 1 1 1 1 1 1 1 1 1 1 1 0.48 0 0 0 0 0 0 0 0 0 0 0 0 0 0 0 0 0 0 0 0 0 0 0 0 0
11.24 19 19 19 19 18.96 18.96 19 18.96 13.88 11.52 17.96 4.28 2.8 0 0 0 0 0.04 0 0.04 0.52 0.96 0.6 1 0.76 0.16 1 0.16 0.2 1 1 0.96 0.36 1 1 0.24 0.84 1 1 1 1 0.64 0.56 0.96 1 1 1 1 1 1 1 1 1 1 1 1 1 1 1 1 1 1 1 1 1 1 1 1 1 1 0.92 0.64 0.6 0.6 0.48 0.4 0.4 0.16 0 0 0 0 0 0 0 0 0 0 0 0 0 0 0 0 0
