app/eomf/data/ecohealth/hpdn.asc
ncols         992
nrows         717
xllcorner     68.144226
yllcorner     5.633471
cellsize      0.041667
NODATA_value  -9999
[rows 0 to 55 of 106, columns 0 to 95 of 992]
-9999 5 5 5 5 5 5 7.56 15.28 23.28 24 24 24 24 24 23.92 15.84 15 15 15 15 15 15 15 15.04 15.8 16 16 16 16 16 20.72 30.04 19.64 15.84 12.96 17 17 17 17 17 17 17 17 17 17 15.24 15.96 9.36 7 7 7 7 7 7 7 7 4.2 1 1.32 2.72 3 2.64 2.4 1.76 2.2 3 3 3 3 4.92 9 9 9 9 9 9 9 9 9 9 9 10.48 18.2 19 19 19 19 19 84.84 177.04 177.04 177.08 177.04 177.04 177.08
-9999 5 5 5 5 5 5 5 5 6.28 11.12 11.88 14.24 18.08 23.12 19.52 15 15 15 15 15 15 15 15 15.04 16.32 16.88 17.56 16.32 25.36 25.88 42.4 52 47.8 49.92 21.2 17 17 17 17 17 17 17 17 17 15.6 7.2 7 7 7 7 7 7 7 7 7 6.76 3 2.24 2.96 3 3 3 3 3 3 3 3 3 3 6.16 9 9 9 9 9 9 9 9 9 10.12 12.56 17.4 18 18.84 19 19 19 19.52 142.96 177.12 177.12 177.24 177.12 177.12 177.24
-9999 5 5 5 5 5 5 5 5 5 5 5 5 5 6.36 11.96 15 15 15 15 15 15 15.44 18.8 24 26 26 26.92 43.28 51.8 52 52 52 52 52 44.64 17.12 17 17 17 17 17 17 14.28 10.56 9.24 7 7 7 7 7 7 7 7 7 7 4.04 3 3 3 3 3 3 3 3 3 3 3 3 4.52 7.88 8.48 8.96 9 9 9 9 9 9 11.32 17.68 18 18 18.6 19 19 19 79.52 147.92 177.64 177.52 177.52 177.64 177.52 177.52 177.64
-9999 5 5 5 5 5 5 5 5 5 5 5 5 5 5 5.12 11.6 15 15 15 15 15 22.92 26 26 26 26 26 30.92 52 52 52 52 52 52 49.48 32.2 17 17 17 17 17 14.6 7 7 7 7 7 7 7 7 7 7 7 7 7 4.6 3 3 3 3 3 3 3 3 3 3 3 3.32 7.16 8 8 8.16 8.92 9 10.08 15.12 19.52 13.32 13.4 18 18 18.32 19 19 19 43.32 177.16 178 178 178 178 178 178 178 178
-9999 5 5 5 5 5 5 5 5 5 5 5 5 5 5 5 6.72 15 15 15 15 16.8 25.76 26 26 26 26 26 30 52.16 52.08 52.08 52.16 52.08 51.04 49 48.96 32.96 20.32 17.92 23.04 33 41.88 32.84 8.48 7 7 7 7 7 7 7 7 7 7 7 6.48 3 3 3 3 3 3 3 3 3 3 3.76 7.16 8 8 8 8 9.32 18.32 24.48 25.36 25.52 22.04 18 18 18 18.92 19 19 20.12 124.96 178 178 178 178 178 178 178 178 178
-9999 5 5 5 5 5 5 5 5 5 5 5 5 5 5 10.92 29.64 36.72 35.32 29 29.64 25.2 26 26 26 26 26 26 44.32 52.4 52.2 52.2 52.4 52.2 50.2 49 49 49 48.8 48.72 49 49 49 49 24.2 7 7 7 7 7 7 7 7 7 7 7 7.04 17.16 18.56 21.76 6.68 3 3 3 3 3 3 7.16 8 8 8 8 8.16 22.2 26 26 26 26 25.84 18.36 18 18 18.8 53.72 72.68 126.28 178 178 178 178 178 178 178 178 178 178
-9999 5 5 5 5 5 5 5 5 5 5 5 5 5 9.64 44.76 50 50 50 53.64 59.4 37.08 26.12 26 26 26 26 33.12 52.64 52.76 52.68 52.68 52.76 52.64 49.36 49 49 49 49 49 49 49 49 46.08 21.84 7 7 7 7 7 7 7 7 7 7 7 14.2 26 26 26 18.2 3 3 3 3 3 4.36 7.92 8 8 8 8 9.4 25.88 26 26 26 26 24.96 18 18 18 18 64.36 135.36 178 178 178 178 178 178 178 178 178 178 178
-9999 5 5 5 5 5 5 5 5 5 5 5 5 21.16 46.68 50 50 50 50 56.72 61 61 48.28 31.56 26 26 51.12 172.32 221 158.6 76.36 53.12 56.96 54.2 49 50.72 50.12 49.36 49 49 49 49 48.96 32.08 19.36 7 7 7 7 7 7 7 7 7 7 9.68 23.4 26 26 26 23.08 3 3 3 3 4.24 7.88 8 8 8 8 8 6.2 8.92 25.16 26 26 26 25.44 18.04 18 18 18 18 96.12 178 178 178 178 178 178 178 178 178 178 178
-9999 5 5 5 5 5 5 5 5 5 5 14.56 26.2 49.92 50 50 50 50 50 56.64 61 65 229.88 369.92 205.88 277.6 420.8 442 461.04 451.92 214.04 93.84 98 107.6 106.8 122.6 126.16 127.48 78.84 49 48.6 39.4 31.36 28 27.88 7.68 7 7 7 7 7 7.52 14.04 21.48 24.92 26 26 26 26 26 13.8 3 3 3 4.16 7.64 8 8 8 8 8 8 5 5 9.96 25.24 26 26 26 20.16 18 18 28.72 98.12 178 178 178 178 178 178 178 178 178 178 178 178
-9999 5 5 5 5 5 5 5 5 7.52 23.96 48.84 50 50 50 50 50 50 50 56.64 61 180.92 423 428.28 449.92 433.44 423 435.88 461.16 417.6 141.56 98 98 123.08 130 130 130 130 129.24 72.72 37.64 28 28 28 28 10.64 11.32 11 8.64 12.24 17.12 19.8 26 26 26 26 26 26 26 24.48 3.84 3 3 3 7.48 8 8 11.4 13.52 7.24 6.2 7.24 5 5 5 16.08 26 26 26 24.92 19 57.36 165.56 178 178 178 178 178 178 178 178 178 178 178 178 178
-9999 11.36 16.56 19.4 17.08 15.36 16.44 20 19.32 21.96 24 46.92 50 50 50 50 50 50 50 57.72 61 116.6 269.88 486.16 486.2 482.48 451.8 454.24 443.6 410 447.12 112.88 100.92 125.44 130 130 130 130 130 126.6 36.48 28 28 28 28 27.72 28 28 27.64 26.44 26 26 26 26 26 26 26 26 26 30.76 25.76 8.52 3.24 20.36 33.72 44.72 45.52 67.04 69 31.76 5 5 5 5 5 7.32 26 26 26.04 26.96 32.24 112.04 178 178 178 178 178 178 178 178 178 178 178 178 178 178
-9999 23 23 23 23 23 23 23 23 23 23 37.76 50 50 50 50 50 50 53.32 61 61 61 278.92 486.76 486.68 486.68 486.76 455.4 278.32 289.44 298.72 221.44 131.04 130 130 130 130 130 130 107.68 74 35.68 28 28 28 28 28 28 28 27.04 26 26 26 26 26 26 26 26 26.52 36.88 37 36.08 33.16 37 59.88 69 69 69 68.44 8.64 5 5 5 5 5 11.4 27.44 32.48 34.28 35 35.2 92.36 178.04 178.08 178.04 178.04 178.08 178.04 178.04 178.08 178.04 178.04 178.08 178.04 178.04 178.08
-9999 21.64 23 23 23 23 23 23 23 23 23 33.48 48.4 50 50 50 50 50 54.28 61 61.68 221.4 486.2 487 450.68 352.24 332.24 269.2 186 208.12 270.36 290 253.08 150.2 130 130 130 130 118.76 81.48 81.12 44.84 28 28 28 28 28 28 28 27.96 26.76 26 26 64 33.12 26 26 26 26.72 37 37 37 37 49.24 69.04 69.08 69.04 69.04 69 7.12 5 5 5 5 5.04 17.92 34.56 35 35 35 48.92 144.8 178.16 178.32 178.16 178.16 178.32 178.16 178.16 178.32 178.16 178.16 178.32 178.16 178.16 178.32
-9999 19.16 23 23 23 23 23 23 23 23 23 32.2 35.84 47.84 50 50 50 50 50.32 61.4 138.12 186 242.88 251.32 188.04 186 186 186 186 186 118.44 117.64 175.12 256.4 200.16 119.64 111.36 102.92 82.6 81.2 81.2 71.8 35.64 28 28.36 31.8 28 28 28 28 23.72 16.12 29.96 404.84 180.04 26 26 25.36 15.4 35.84 37 37 37.04 62.76 69.12 69.24 69.12 69.12 69.24 10.6 5 5 5 4.72 11.76 35 35 35.24 47.52 71.24 84.52 86.76 155.64 178.52 178.36 178.36 178.52 178.36 178.36 178.52 178.36 178.36 178.52 178.36 178.36 173.96
-9999 18 21.72 23 23 23 23 23 23 23 26.56 34.84 35 46 50 50 50 50 50 175.2 242.4 193.6 205.96 275 234.16 190.92 186 186 169.56 90.96 18.2 18 18 18.32 44.32 93 93 84.68 81.88 81.84 81.84 81.88 55.44 50.6 75.24 85.92 71.72 68.52 56.16 28.36 17.12 7 7.16 16.56 16.32 17.48 14.88 9.32 7 21.48 37 37 37 37 64.12 69.64 69.52 69.52 69.64 19.24 61.28 685.16 751.6 221.28 2.16 13.92 54.56 83.04 85.36 85.36 85.52 85.36 105.2 179 179 179 179 179 179 179 179 179 179 179 179 166.64
-9999 18 20.04 23 23.08 24 23.36 26.16 27.28 31.6 34.96 35 35 44 50 50 50 50 81.8 237.6 272.12 270.72 272 397.32 473.04 444.16 320 205.72 53.76 18 18 18 18 18 51 93 93 93 92.88 89.88 88 87.12 76 86 86 86 86 86 86 76.12 10.76 7 7 7 7 7 7 7 7 16.52 37 37 37 46.12 69.84 69.88 70.12 71.12 70.88 68.92 168.96 829.76 820.16 295.24 2 22.68 85.68 85.76 85.68 85.68 85.76 85.68 85.8 157.28 179 179 179 179 179 179 179 179 179 179 179 179
-9999 18 22.36 27.88 32.92 35 34.8 35 35 35 35 35 35 37.56 49.72 50 50 54.16 136.44 156 166.92 185.56 198.24 336.72 516.68 496.4 473.36 353.72 18.84 18 18 18 18 18 49.6 93.16 93.08 93.08 93.16 93.04 82.48 66.16 54.6 85.8 86 86 86 86 86 85.16 11.8 7 7 7 7 7 7 7 8.96 36.84 39.24 42.28 47.4 84.52 90.56 86.24 73.12 73 73 73 73 123.56 171.28 11.8 4.16 56.56 86 86 86 86 86 86 86 89.32 103.56 110.56 106.16 156.56 179 179 179 179 179 179 179 179
-9999 29.12 31.24 34.84 35 35 35 35 35 35 35 35 35 35 41.4 49.48 50 55.2 138.48 177 178.64 173.2 262.48 563.56 632.96 454 133.36 88.36 50.68 24.76 18 18 18 18 59.64 93.4 93.2 93.2 93.28 58.96 42 42 42 79 86 86 86 86 86 73.4 7.08 7 7 7 7 7 7.44 61.04 113.16 115 76 59.84 59.88 71.92 92.84 93 91.6 81.72 73.08 73 69.32 24.32 23 22.32 65.8 86 86 86 86 86 86 86 86 86 86 86 91.8 165.76 179 179 179 179 179 179 179 179
-9999 31 31 33.16 35 35 35 35 35 35 35 35 35 35 35 36.16 42.4 92.72 182.6 183.52 183.64 183.52 372.92 615.4 547.56 51.88 51 51 51 49.4 24.24 18 18 18 23.16 92.52 93.68 93.68 83.76 42 42 37.52 29.04 70.96 86 85.88 69.32 71.52 77.24 41.44 6.88 7 7 7 7 7 51.4 115 115 115 92.52 60 60 60 84.04 93 93 93 55.16 33.68 29.08 25 50.8 80.64 86 86 86 86 86 86 86 86 86 86 86 86 107.64 179 179 179 179 179 179 179 179 179
-9999 31 31 31.04 33.12 35 35 34 31.56 28.8 29.04 31.52 34.16 35 35 35 35 144.32 183.68 183.84 183.88 183.84 183.84 350.88 157.24 51 51 51 51 51 35.12 18 18 18 18 59.72 94 93.32 57.4 42 41.88 11.4 6 6 19.84 16.16 6 6.16 435.04 676.32 338.64 6.24 6.36 17.56 19.48 40.08 100.4 115 115 115 86.56 60 60 60 77.24 93 93 80.92 62.2 42.32 31.08 81.28 86 86 86 86 86 86 86 86 86 86 86 86 86 104.32 204.8 192.88 179 179 179 179.92 179.24 200.76 227.68 171.08
-9999 31 31 31 31.08 32.16 30.56 28.04 28 28 28 28 28.04 29.28 31.4 33 35.36 114.04 176.44 178.64 182.64 184 184 87.84 51 51 51 51 51 51 48.92 19.64 18 18 18 51.8 49.6 34 42.44 42.44 41 6.32 6 6 6 6 6 67.96 897.24 901.56 774.36 6 21.44 69.28 86.6 109 109.24 112.96 114.92 115 79.96 60 60 60 83.24 83.92 77.56 72.32 72 72 72.28 84.48 86 86 86 86 86 86 86 86 86 86 86 86 153.04 297.76 314 310.36 265.4 267 280.88 420.76 476.72 320.12 290.68 188.44
-9999 31 31 29.84 28.12 28 28 28 28 28 28 28 28 28 28 28 62.96 176.76 291.48 460.36 244.96 181.48 184 506.96 418.08 51 51 51 51 51 51 38.12 27.24 31.4 31.4 41.68 36.84 121.16 282.12 258.72 40.68 6.12 6 6.28 15.6 31.88 31.36 20.92 299.36 496.64 187.72 42.56 71.4 73.16 78.2 109 109 109 109.84 113.68 94.12 63 60 60 73.12 72 72 72 72 72 74.04 85.4 86 86 86 86 86 86 86 86 86 86 86 86 223.12 314.12 314.24 314.12 314.12 314.24 314.16 648.28 647.44 375.64 314.12 275.2
-9999 31 31 29.6 28 28 28 28 28 28 28 28 28 29.36 30.28 20.32 79.76 177 338.32 526.12 269.44 177.16 611.28 8128.2 7821.32 608.56 51 51 51 52.08 53.4 47.64 42 42 42 42 42 42 175.96 130.84 63.48 61.52 61.24 71.08 73.32 73.16 73.16 73.32 73.16 73.16 73.32 73.16 73.16 73.32 73.64 108.04 109 109 109 109 109 101 66.88 56.4 58.68 54.96 42.92 46.84 66.44 83.24 85.6 86 86 86 86 86 86 86 86 86 86 86 86 88.24 272.44 314.2 314.4 314.2 314.2 314.4 314.2 314.2 314.4 314.2 314.2 314.4
-9999 31 31 31 29.2 28.24 28.12 28.12 28.24 28.12 28.12 28.24 29.04 40.2 30.52 13 84.24 177 177 177 177 1862.8 7097.2 8715.2 8652.6 3944 82.76 58.16 58.56 59.96 60 59.12 46 42 42 42 42 42 42 42 44.84 73.48 73.52 73.52 73.64 73.52 73.52 73.64 73.52 73.52 73.64 70.04 55 71.44 348.52 498.2 410.8 382.92 148.88 109 141.04 175.16 161.88 44.2 27 27 27 27 59.64 86 86 86 86 86 86 86 86 86 86 86 86 86 86 86 262.32 314.68 314.76 314.68 314.68 314.76 314.68 353.04 570.16 527.44 385.72 595.64
-9999 31.12 31.52 29.28 30.44 28.52 28.36 28.36 28.52 28.36 28.36 28.52 35.16 41 153.52 309.36 111.52 177 177 177 3162.64 8492.84 8718 8719.6 7056.68 65 60 60 60 60 60 56.64 51.88 41.76 42 42 42 42 42 42.28 64.2 74 74 74 74 74 74 74 74 74 76.16 106.04 121.68 293.76 812.84 849.2 849.4 742.08 285.64 214.92 246.76 247 247 120.08 27 27 27 27 50.48 86 86 86 86 86 86 86 86 86 86 86 86 86 86 86 134.92 414.76 410.48 315 315 315 315 438.32 655.16 655.08 640.32 655.16
-9999 32.72 29.92 19.04 25.24 28.76 28.68 28.68 28.76 28.68 28.84 34.96 40.96 41 308.84 533.08 122.6 75.28 132.8 404.6 2407.44 2841.32 6170.72 4760.96 3707.4 215.24 82.76 60.6 42.6 42.64 51 22.04 20.04 24.96 34.24 40.24 42 42 42 45.8 73.84 74 72.52 66.48 74 74 77.16 112.6 157.36 194.44 217.32 231 231 231 712.28 849.56 778.88 380 247 247 247 247 236.88 32.12 27 27 27 26.24 25.48 53.8 85.72 86 86 86 86 86 86 86 86 86 86 86 86 86 340.28 745.32 687.56 336.56 315 320.2 453.8 605.56 655.4 655.2 655.2 655.4
-9999 32.6 21.12 19 20.36 24.56 29 29 29 29.48 37.84 41 41 41 41 38.2 29.96 13 13 79.4 109.88 109.84 109.84 109.88 113.68 128.36 128.52 98.76 20 20 20 20 20 20 20 20.12 24.92 29.76 34.24 27.2 33.68 33.56 25.96 36.88 70.92 70.96 175.04 231 231 231 231 231 231 231 306.32 572.2 105.6 92 147.32 144.32 118 174.24 99.64 27 27 26.76 24.92 24 24 24 52.28 80.28 86 86 86 86 86 86 86 86 86 86 86 201.6 708.64 746.92 747.04 656.44 437.24 541.6 655.68 655.68 655.76 655.68 655.68 655.76
-9999 24.32 19 19 19 19 24.16 28.52 27.96 35.88 41 41 41 41 41 41 32.6 23.04 23.36 71.12 98.6 101.12 110 110 122.64 127.4 106.92 57.68 20 20 20 20 20 20 20 20.04 22.8 25 25 25 25 25 31.68 58.2 69 69 101.96 231.16 231 211.4 184.48 183.84 203.48 205.64 199.28 178.08 94.92 88.52 88.52 88.64 88.52 113.6 221.4 110.88 38.32 24.36 24 24 24 24 24 24.32 43.2 82.64 86 86 86 86 86 86 86 242.28 628.2 747.16 747.2 747.2 747.4 747.2 669.04 656.16 656.08 656.08 656.16 656.08 656.08 656.16
-9999 19 19 19 19 19 19 19 22.4 35.36 37.72 37.56 40.36 41 41 41 41 41 42.32 48.08 49 49.6 71.8 102.84 109.56 62.92 49 48.92 28.28 20.64 20 20 20 20 20.04 23.08 25 25 25 25 25 25 45.68 69 69 69 110.48 176.72 163.48 155 155 168.8 182.36 182.52 182.36 158.28 93.28 89 89 89 89 202.6 268.32 268.16 202.92 24 24 24 24 24 24 23.88 61.56 78.04 75.44 77.24 86 86 86 86 86 599.56 775.08 774.88 795.88 762.44 747.64 747.52 680.52 656.44 875.44 826.8 656.4 656.2 656.2 656.4
-9999 19 19 19 19 19 19 19 29.28 35 35 35 35.72 39.6 41 41 41 42.04 48.16 49 49 49 49 49 49 49 49 49 49 28.92 20 20 20 20.96 23.6 25 25 25 24.68 25 25 25 27.6 69 69 69 73.72 146.96 155 155 155 177.96 182.84 182.88 148.92 89.84 89 89 89 89 89 277.6 272.96 262.32 186.4 96.68 52.4 32 24 24 24 35.24 85.96 86 86 75.44 82.28 86 86 86 280.32 779.68 822.92 775.36 762.56 779.32 776.6 748.36 737.8 687.72 1009.6 962.6 657.36 687.36 657.84 656.76
-9999 19 19 19 19 19 19 24.4 34.84 35 35 35 35 37.04 41 41 42.92 47.48 48.48 49 49 49 49 49 49 49 49 49 49 46.96 30.16 21 21.84 24.88 25 24.68 22.2 19.24 18.04 21.2 24.96 25 31.88 69 69 69 71.52 139 155 155 143.16 98.2 98.72 105.16 89.96 89 89 89 89 89 138.24 498.72 326.88 173.48 163.52 149.56 143.64 136.24 118.72 102.64 52.32 75.84 86 86 86 77.28 85.8 86 86 417.24 1045.72 823.2 823.2 814.28 748.36 785.16 825.64 804.28 748.36 747.56 666.4 657.08 760.08 839.72 832.64 731.08
-9999 19 19 19 22.4 29.6 33.08 35 35 35 35 35 35 40.64 44.24 41.48 46.8 48 48 48.32 48.88 49 49 49 49 49 49 49 49 49 48.32 48 32.44 20.84 18.24 18 18 18 18 18 22 25 44.96 69 69 73.6 127.96 155 155 152.72 88.36 78 77.52 77.48 63.76 54.08 64.32 89 89 89 92 147.88 148.8 168 165.32 166.84 168 115 101.12 123.08 136 116.6 86 86 86 73.2 78.16 86 328.68 1137.68 1349.24 1391.12 1167.2 768.6 748.68 779.88 826.12 825.96 786.28 754.96 694.68 657.16 781.16 840.16 840.16 737.64
-9999 19 19 21.84 34.48 35 35 35 35 35 35 35 35 48.48 53 51.76 48 48 48 48 48.24 48.8 48.96 49 49 49 49 49 49 49 49 43.88 24.52 18 18 18 18 18 18 18 19.04 24.8 44.88 69 69 90.68 155 155 155 114.6 78 78 58 52 52 52 56.2 88.92 89 89 103.36 114 137.2 112.92 64.84 95.04 89.6 56.28 56 78.2 134 97.52 86 86 86 84.48 82.04 114.04 977.84 1238.56 1230.12 1169.44 1169.44 938.76 860.08 684.6 826.52 826.24 779.36 749.32 558.84 480.44 618.28 840.52 818.04 737.32
-9999 18.8 23.52 33.64 35 35 35 35 35 35 35 35.64 45.4 53 53 51.36 48 48 48 48 48 48 48.04 48.28 46.52 46.56 47.92 47.88 47.8 48.56 38.28 18.6 18 18 18 18 18 18 18 18 18 22.64 67.24 69 69 108.16 155.04 155.08 154.56 86.56 78 77.92 53.4 52 52 52 52 82.64 102.16 111.4 114 114 114 76.52 61 58.72 56 56 56 56.04 81.12 86 86 86 86 86 86 582.4 1230.08 1225.84 1240 1286.08 1286.08 1272.52 1188.52 751.12 392.24 631.36 745.44 648.32 266.64 262.04 704.08 840.96 730 656.2
-9999 25.56 34.96 35 35 35 35 35 35 35 39.2 50.2 53 53 53 52.76 49.44 48 48 48 48 48 48 48 43.6 42 42 42 42 43.16 24.92 18 18 26 38.48 36.76 25.24 18 18 18 18 18 56.84 69 85.24 153.32 155.12 155.24 142.92 78 78 75.04 52 52 52 52 52 75.56 114 114 114 114 114 85.08 59.84 56.52 56 56 56 60.32 77.04 86 86 86 86 86 87.2 666.44 1254.4 1286.64 1286.88 1286.64 1286.64 1286.88 1277.68 1077.08 751.44 552.32 503.48 405.04 521.52 472.72 841.4 817.92 282 295.32
-9999 35 35 35 35 35 35 35 35 42.28 53 53 53 53 53 53 53 50.36 48.24 49.8 99.08 215.16 53.72 47.92 42.8 42 42 42 42 42 40.08 22.96 31.36 71.92 73 73 69.92 30.32 44.4 39.88 18.04 24.76 74.32 84.68 85.84 93.72 126.4 137.32 123.08 78 78 71.96 52 52 52 52 52 91.92 114 114 114 114 114 81.8 56 56 59.2 69.24 77.64 85.64 86 86 86 86 86 86 359.56 1066.88 1287.44 1287.44 1287.68 1287.44 1287.44 1287.68 1287.44 1204.84 841.92 841.76 786.52 549.52 658.88 656.4 733.08 741.04 401.08 279.24
-9999 35 35 35 35 35.12 38.92 39.48 42.72 52.96 53 53 53 53 53 53.6 69.8 89.12 342.52 346.24 242.6 434.36 87.48 48 47.6 44.12 42 42 42 42 42 39.4 59.28 73 73 73 73 73 73 73 68.52 74.56 84.72 86.08 86.16 86.08 86.08 86.16 85.84 83.28 81.56 75.28 57.24 55.88 54.64 52 52 102.32 112.04 113.16 113.68 112.48 113.04 79.92 71.72 70.6 81.2 86.08 86.16 86.08 86.08 86.16 86.08 86.08 86.16 86.08 204.84 885.64 1286.04 1288 1288.2 1288 1288 1288.2 1186.36 937.6 582.4 631.56 562.8 582.48 582.28 536 675.28 535.88 263.16 279
-9999 18.56 32.32 35 39.76 50.32 53 52.96 52.88 53 53 53 53 53 53.28 93.44 106 106 215.64 212.32 106 92 48 48 48 47.96 43.88 42 42 42 48.48 69.72 73 70.4 60.56 52.76 55.36 73 73 73 73 81.16 86.16 86.16 86.32 86.16 86.16 86.32 86.16 86.16 86.32 86.16 86.16 86.32 86.12 78.28 75.28 90.24 86.2 86.84 87.32 86.16 86.56 86.6 86.16 86.32 86.16 86.16 86.32 86.16 86.16 86.32 86.16 86.16 86.32 86.16 270.28 813.64 1050.72 1288.64 1288.88 1288.64 1288.64 1250.56 1116.48 420.04 262.44 678.4 771.88 262.4 262.2 262.2 262.4 262.2 262.2 262.4
-9999 11 18.8 38.76 52.08 53 53 53 53 53 53 53 53 53 53.56 104.88 106 106 106 106 97.8 61.4 48 48 48 48 48 47.76 44.56 48.16 67.92 71.04 70.4 42.64 41 41 41.04 47.92 58.44 70.96 69.84 67.4 82.72 86.52 86.64 86.52 86.52 86.64 86.52 86.52 86.64 86.52 86.52 86.64 86.52 86.52 86.64 86.52 86.52 86.64 86.52 86.52 86.64 86.52 86.52 86.64 86.52 86.52 86.64 86.52 86.52 86.64 86.52 86.52 86.64 86.52 175.08 746.52 887.32 1269.52 1269.72 1250.76 1250.76 1176.68 1167.56 363.84 262.76 285 329.52 262.76 262.68 262.68 262.76 262.68 262.68 262.76
-9999 18.8 40.48 53 53 53 53 53 53 53 53 53 53 53 53 94.44 103.64 90.96 80.4 62.16 49.16 48.68 48 48 48 48 48 48 54.28 67.68 69 69 69 64.04 45.76 41 41 41 64.48 70 70 67.88 73.08 86.92 87 87 87 87 87 87 87 87 87 87 87 87 87 87 87 87 87 87 87 87 87 87 87 87 87 87 87 87 87 87 87 87 87 87 105.48 840.96 1172.8 1172.6 1172.6 1172.8 1172.6 845.92 261.04 263 263 263 263 263 263 263 257.2 262.16
-9999 52.92 53 53 53 53 53 53 53 53 53 53 53 53 51.12 53.84 49.96 49 49 49 49 48.8 48 48 48 48 53.4 59.76 68.36 69 69 69 69 69 59.12 41 41 41 63.72 70 70 69.84 66.08 76.48 87 87 87 87 87 87 87 87 87 87 87 87 87 87 87 87 87 87 87 87 87 87 87 87 87 87 87 87 87 87 87 87 87 87 87 94.36 692.08 1173 1173 1173.2 1173 983.24 121.16 260.6 263 263 263 263 263 243.92 138.92 137.6
-9999 53 53 53 53 53 53 53 53 53 53 53 52.96 51.36 49 49 49 49 49 49 49 48.68 48 47.96 30.36 12.84 57.4 69 69 69 69 69 69 69 53.16 41 41 41 45.28 70 70 68.48 66 69.68 86.68 87 87 87 87 87 87 87 87 87 87 87 87 87 87 87 87 87 87 87 87 87 87 87 87 87 87 87 87 87 87 87 87 87 87 87 542.12 1173.8 1173.8 1174 921.92 232 87 119.56 157.36 242.76 263 263 262.16 158.56 126.36 126.52
-9999 43.8 53 53 53 53 53 53 53 53 53 51.88 37.16 40.24 49 49 49 49 49 49 49 48.96 43.52 15.2 2 2 26.08 69 69 69 69 69 69 69 49.24 41 41 49.28 65.64 70 69.56 58.6 65.2 66 66.88 67.56 76.04 77.24 87 87 87 87 87 87 87 87 87 87 87 87 87 87 87 87 87 87 87 87 87 87 87 86.88 86.76 86.96 87 87 87 87 87 87 258.04 872.28 777.08 424.36 91.08 87 87 87 118.84 259.6 248.68 231.04 208.64 126.68 126.68 126.76
-9999 29.04 48.88 53 53 53 53 53 52.4 48.56 43.68 33.96 31 31 39.88 49 49 49 49 49 49 49 29.76 2 2 2 42.28 69 69 69 69 69 69 69 47.32 41 41.68 53.52 51.2 45.52 43.2 41 50.96 56.36 49 49 49 49 80.72 87 87 87 87 87 87 87 87 87 87 87 87 87 87 87 87 87 87 87 87 87 87 86.92 86.36 86.6 87 87 87 87 87 87 87 87 87 87 87 87 87 87 152.6 166.88 103.08 86.36 113.88 127 127 127
-9999 27 28.16 39.64 47.24 79.12 53 53 133.64 31 31 31 31 31 31.08 48.32 49 49 49 49 49 31 8.8 2 25.44 246.16 215.68 13.84 26.08 56.56 69 69 69 68.72 44.8 41 41 41 41 41 46.56 58.2 39.28 41.24 48.92 49 49 49 64.44 83.04 87 87 87 87 87 87 87 87 87 87 87 87 87 87 87 87 87 87 87 87 87 87 86.88 86.84 86.88 87 87 87 139.36 237.52 138 87 87 87 87 87 87 86.96 86.84 86.88 86.84 90.12 124.44 127 127 127
-9999 27 27 27 27 1471.76 2749.88 2764.88 2778.96 1708.96 97.28 39.24 40.12 37.28 38.6 48.24 48.2 48.32 48.56 48.6 48.6 42.88 29 4.04 275.24 570.52 570.64 141.36 2 6.32 51.48 69 69 56.68 41 41 55.12 78.36 81.44 65.2 63.88 66 63.84 44.84 36.88 42.48 48.92 49 49 80.76 87 87 87 87 87 87 87 87 87 87 87 87 87 87 87 87 87 87 87 87 87 87 87 87 87 87 87 216.84 478.56 496.52 465.08 121 87 87 87 87 87 87 87 87 87 100.32 127 127 127 127
-9999 27 27 27 27 1907.36 2795.72 2795.72 2720.8 1037.36 86.84 46 46 46 46.36 48 48 48 48 48 48 48 48 31.76 75.28 365.96 314.2 17.72 2 2 3.4 34.08 53.56 42.36 42.08 84.6 106.96 107 107 87.52 66 66 66 65.36 40.4 36 38 43.52 50.28 86.92 87 87 87 87 87 87 87 87 87 87 87 87 87 87 87 87 87 87 87 225.32 267.24 151.12 87 87 87 87 87 68.76 347.4 496.84 496.88 416.8 237.08 87 87 87 87 87 87 87 87 102.44 127 127 127 127
-9999 27 27 27 27 2448.88 2797.32 2797.32 2142.6 46 46 46 46 46 46 48 48 48 48 48 48 48 48 47.16 25.88 19.32 11.2 2.24 2 2 3.36 3.92 22.24 40.32 35.64 29.76 43.72 69.76 99.8 97.88 67.52 66 66 66 62 38.48 36 36 42.64 84.04 87 87 87 87 87 87 87 87 87 87 87 87 87 87 87 87 87 87 97.52 337.88 347.12 159.2 87 87 87 87 87 87 216.24 362.6 362.56 461 428.8 103.36 87 87 87 87 87 87 106.32 103.88 127 127 127 127
-9999 27 27 27 27.44 2426.04 2798.72 2798.72 1684.52 46 46 46 46 46 46 47.76 48 48 48 48 48 48 48 48 48 48 48 23.52 11.84 36.28 47.84 44.88 39 39 34.2 28 28 28 30.6 77.48 101.28 74.88 66 66 65.6 52.72 44.84 43.2 45.12 55.36 80.16 87 87 87 87 87 87 87 87 87 87 87 87 87 87 87 87 87 87 117.24 87 87 87 87 87 87 83.52 86.36 87 87 87 87 87 87 87 87 87 87 87 91.68 108.48 126.56 127 127 127 127
-9999 27 28.2 42.56 65.84 379.32 1675.08 2566.24 1863.04 47.88 46 46 46 46 46 46.96 48 48 48 48 48 48 48 48 48 48 48 45.96 48.36 49 47.92 39.16 39 38.56 30.2 28 28 28 28 28.12 60.4 103 80.68 67.68 71.04 55.88 49.04 47 47 47 56.6 76.28 87 87 87 87 87 87 87 87 87 87 87 87 87 87 87 87 87 87 87 87 87 87 87 81.72 72.36 86.6 87 87 87 87 87 87 87 87 87 89.84 109.88 107.16 127 127 127 127 127 127
-9999 44 75.16 81 81 81 81 81 81 68.28 46.04 46 46 46 45.56 45.88 44.96 46.12 47.24 47.44 48 48 48 48 48 48 48 42.92 40.4 44.36 42.28 39 38.44 30.28 28 28 28 28 28 28 28 103.44 110 109.76 110 110 105.4 53.2 47 47 47 48.4 83.56 87 87 87 87 87 87 87 87 87 87 87 87 87 87 87 87.44 89.76 87 87 87 87.08 87 87 87 87 87 87 87 87 87 87 87 88 104.28 113.16 111.68 120.72 127 127 127 127 127 127
-9999 65.44 81 81 81 81 81 81 81 81 71.2 47.68 46 42.72 35.48 41.36 43 43 43 43.16 48 48 48 48 48 48 47.8 39.96 39 39 39 43.16 57.04 39.68 28 28 28 32 72.56 81.76 102.04 151.72 398.68 231.4 110 110 110 62.68 47 47 47 47 75.36 87 87 87 87 87 87 87 87 87 87 87 87 95 102.84 110.24 106.96 116.52 110.24 112.52 115.24 110.84 105.4 104.72 99.44 87.04 88.36 88.2 87 87 87 87 87 84.52 114.96 127 127 127 127 127 127 127 127 127
-9999 52.12 77.28 81 81 81 81 81 81 81 81 62.6 32.04 17.72 12.16 29.12 43 43 43 43 47.4 48 48 48 48 48 45.2 39 39 39 39 52.88 60 59.84 37.28 28 28 70.8 199.24 199.12 199.12 204.96 276.76 132.32 97.28 110 110 84.36 47 47 48.04 74.4 86.08 87 87 87 87 87 87 87 87 89.68 109.36 101.48 94.96 115.84 120 120 120 120 120 120 120 120 120 120 120 118.4 119.72 117.6 103.88 87.24 87 87 87 92.08 116.04 127 127 127 127 127 127 127 127 127
-9999 48.04 51.04 77.04 81 81 81 81 81 81 81 80.92 41.12 23.12 29.88 37.52 43 43 43 43 47.08 48.08 48.08 48.16 48.08 48.56 47.36 39.6 40.4 41.28 33.2 29.48 53.72 52.68 35.4 28 28 28.64 146 139.52 104.4 80.12 39 39 41.64 93.28 110 109.84 65.8 49.6 75.76 87 87 87 87 87 87 87 87 87 87 87.4 118.92 120 120 120 120 120 120 120 120 120 120 120 120 120 120 120 121.28 114.28 98.36 91.92 87.6 87 87 79.84 122.04 127 127 127 127 127 127 127 127 127
-9999 48.12 48.24 54.48 79.28 80.6 75.36 76.2 81 81 81 79.44 43.36 34.68 34.76 34.72 39.92 43 43 43 47.16 48.16 48.16 47.52 42.88 52.8 54 54 51.6 51 49.92 33.88 28.44 28 28 33.56 49.08 57.44 59 59 59 58.2 39.96 39 39 47.36 104.52 107.96 92.16 83.96 87 87 87 87 87 87 87 87 87 87 87 101.2 118.88 120 120 120 120 120 120 120 120 120 120 120 120 120 120 120 122.76 134.08 130.76 129.68 120.16 89.32 87 82.08 89.56 127 127 127 126.88 125.08 127 127 127 127
-9999 48.36 48.52 38.12 31.68 27 20 20.12 41.8 73.36 70.72 42.24 35 35 35 35 35.08 39.76 40.32 30.92 48.08 47.4 32.68 21.28 26.48 54 54 53.2 51 51 51 45 28 28 28 51.96 59 59 59 59 59 58.96 39.76 39 39 48.24 86.28 87 87 87 87 87 87 87 87 87 87 87 87 87 87 87 87 89.68 96.92 114.08 120 120 120 120 120 120 120 120 120 120 120 120 120 131.4 135 135 135 91.92 87 87 86.56 127 127 127 124.04 106.52 116.68 125 127 127
