app/eomf/data/ecohealth/hpdn.asc
ncols         992
nrows         717
xllcorner     68.144226
yllcorner     5.633471
cellsize      0.041667
NODATA_value  -9999
[rows 0 to 55 of 106, columns 864 to 959 of 992]
123 123 91.76 61 61 115.64 281.36 61 61 61 61 61 61 61 61 61 61 289.36 189.04 52.48 45.2 45 45 45 45 53.16 671.4 198.72 81.88 104.52 118.92 123 123 123 123 123 123 123 123 123 123 123 123 127.36 136.96 138 138.36 138 138 132.88 87.92 73 73 73 73 76.6 115.36 116 116 116 116.04 258.64 116 116 116 116 116 116 116 98.92 81.72 99.68 105.84 83 83 292.76 224.76 69.88 78.52 223.2 609.32 505.52 422.96 120.44 189.08 133.64 199.2 140.4 55 44 343.68 171.76 44 48.84 59.04 44
123 122.2 123 110.8 72.52 61 61 61 61 61 61 61 61 61 61 61 61 338.44 220.92 61 69.84 72.84 51.28 54.24 70.72 86.08 147.44 89.24 88.16 93.24 122.6 123 123 123 123 123 123 123 123 123 123 123 135.88 149.32 155.24 161.04 152.52 138.08 146.2 138.08 117.2 73.04 73.04 73.08 73.04 73.08 96.92 116 116 116 116 116 116 116 116 116 116 116 116 116 116 116 105.12 83 83 404.96 308.88 83 507.4 435.56 83 271.84 239.68 83 120.32 55.24 776.92 453.48 44 44 44 44 146.88 764.76 693.68 47.04
109.28 90.6 115.36 123 70.96 64.32 62.56 61 61 61.08 64.88 71.16 62 61 61 68.52 61.92 61 61 61 87.2 88.68 85.72 86.44 88.68 88.68 88.76 88.68 81.52 88.72 105.52 121.88 120.92 123 123 123 123 123 123 123 123 132.64 168.2 169 169 169 160.36 146.28 169 160.12 91.52 73.16 73.16 73.32 73.16 73.16 91.12 107.4 108.96 116 116 116 116 116 116 112.32 86.2 84.76 99.84 101.44 113.64 109.84 150.56 321.92 83 83 83 83 138.12 121.4 83 83 83 83 83 58.96 44 44 44 44 44 59.44 294.6 757.2 109.28 57
84 84 84 92.08 81.92 84 82.48 74.96 66.72 87 95 95 91.08 82.76 89.68 95 75.56 61 61 75.6 88.96 89 89 89 89 89 89 89 85.44 73.04 83.72 90.6 86.64 104.68 123 123 123 123 206.6 125.52 123.28 160.68 169.68 467 229.88 169.04 169 165.56 169.04 169.04 113.48 73.52 73.52 73.64 73.52 73.52 71.12 70 76.12 88.92 112.28 116 116 116 115.52 66 58 58 58 59.04 61.2 58 204.84 549.28 83 83 250.6 584.24 283.32 83 83 83 83 83 83 79.12 49.76 44 44 44 44 613.2 472.12 55.8 454.12 156.92
84.64 84 84 84 84 84 84 86.28 94.96 95 95 95 516.84 412.56 95 95 89.28 73.32 70.04 88.84 89 89 89 89 89 89 89 89 89 89 89 89 89 105.24 123 123 123 162.24 864.04 289.4 123.92 159.84 169.8 468.16 229.2 169.12 169.12 169.24 169.12 169.12 161.6 83 73.84 73.88 73.84 72.32 70.08 70 70 70 74.36 90.68 112.24 116 70.12 58.96 58 58 58.12 816.96 58 58 59.44 79.04 83 83 278.56 604.24 179.24 83 83 83 83 83 83 84.8 121.28 63.36 44 44 44 45.28 52.04 61.24 458.08 152.56
84 84 84 84 84 84 86.64 92.36 95 95 95 95 180.4 151.8 95 95 94.92 90.2 89 89 89 89 89 89 89 89 89 89 89 89 89 89 89 100.36 123 123 123 123 123 123 127.64 163.16 169.36 169.36 169.52 169.36 169.36 169.52 169.36 169.36 169.52 164.32 111.84 73.52 71.04 70 70 70 70 81.76 235.4 202.6 94.12 193.32 127.92 58 58 58 58 118.64 58 58 62.16 81.12 83 83 83 83 83 83 83 83 83 83 87.88 96.88 183.28 176.32 131.16 75.16 57.8 52.4 58.2 85.08 123.72 120.28
84 84 84 84 84 84.32 94.2 95 95 95 95 95 95 95 95 94.92 91.52 89 89 89 89 89 89 89 89 283.92 579.24 350.68 89 89 89 89 89 95.44 119.36 121.72 123 123 123 124.36 159.28 169.88 169.84 169.84 169.88 169.84 169.84 169.88 169.84 169.84 169.88 169.84 169.08 101.52 70 70 70 70 70 277.6 342 297.08 138.44 260.84 220.6 58 58 58 58 58 58.48 58.28 58.24 63.84 77.28 81.32 83 83 77.24 75.44 83 83 83 83 115.12 179 209 442.56 301.24 184 183.2 164.32 172.24 162.96 161 161
84 84 84 84 84.08 91.08 95 95 95 95 95 95 95 95 95 94.48 93.4 89.6 89 89 89 89 89 89 89 152.32 502.16 214.16 89 89 89 89 89 89.64 90.48 109 123.04 123.04 123.08 143.88 170 170 170 170 170 170 170 170 170 170 166.56 169.76 170 160.04 72.28 70 70 70 70 198.8 198.4 90.88 115.2 160.08 96.96 58 58 58 58 58 58.72 59 59 59 59 59.12 64.32 60.84 59.08 59 62.08 64.08 75.2 72.84 70.48 117.48 228.4 433.68 251.4 184 184 169.76 636.2 357.88 161 161
84 745.08 407.8 84 85.08 94.8 95 95 95 95 95 95 95 118.32 98.6 95 94.84 91.56 89 89 89 89 89 89 89 89 89 89 98.04 685.76 174.52 89 89 92.52 97.52 96.36 123.04 123.16 123.32 160.12 170 170 170 170 277.8 676.6 193.12 162.76 152.88 139.2 136.32 143.68 167.32 132.2 70.16 70 70 70 70 70 70 70 70 70 66.24 59.16 58.08 58.08 58.16 58.56 58.88 59 59 59 59 59 59 59 59 59 59 59 59 409.64 199.56 72.52 183.2 184.12 184.12 184.24 184.12 170.6 161 161 161 161
84.24 589.68 84 84 84 86.96 391.4 351.72 95 95 95 95 95 607.24 343.08 95 92.76 89 89 89 89 89 89 89 89 89 89 89 89 130.24 93.28 96.12 89.88 92.36 98 99.68 117.56 123.52 123.64 142.76 170 170 169.68 153.16 172.12 356.56 141.32 136.4 136.2 136.2 136.4 136.2 137.8 104.36 70 70 70 69.8 69.76 70 70 68 67.2 68.84 69.52 65.88 58.44 58.2 58.32 58.88 59 59 59 59 59 59 59 59 59 59 59 59 59 298.96 139.8 59 150.72 184.36 184.36 184.52 184.36 177.16 161 161 161 161
84 84 84 257.6 257.04 93.68 408.64 369.12 95 95 95.56 182 167.96 96.12 95 95 94.36 90.24 89 89 89 89 89 89 89 89 89 89.08 89.64 93.88 98 98 97.12 96.68 98 98 98.28 113.24 123.88 114.96 135.92 148.04 121.88 122.44 136.68 137.76 296.96 142.84 136.68 136.68 136.76 136.68 136.68 134.84 103.72 94.96 70.12 63.8 60.64 62.36 61.32 60 60 60 60 60 60 59.64 59.04 58.6 59 59 59 59 59 59 59 59 59 59 59 59 163.92 785.6 93.84 59 62 143.92 184.68 183.8 184.08 171.8 161 183.52 446.32 336.4
84 84 84 385 390.48 94.96 95 95 95 95 208.04 446 446 235.92 95 95 95 93.96 89 89 89 89 89 89 89 89 89.76 90.24 92.28 96 97.6 98 101.16 192 98 98 98 99.24 620.36 620.28 145.88 347.88 98.92 327.32 344.4 172.36 641.32 199.64 137 137 139.96 137 137 137 137 137 83.2 60.08 60 60 60 60 60 60 60 60 60 60 60 59.76 59.2 59 59 59 59 59 59 59 59 59 59 59 59 59 59 59 59 59.8 127.32 165.56 169.48 161.28 161 203.6 654.52 439.6
84 84 84 84 92.56 95 95 95 95 95 150.16 415.84 446.08 419.12 307.92 109.04 95 92.84 89 89 89 89 89.32 89.24 89.2 89 90.12 91 91 91 91.12 94.24 281.04 886.12 144.08 106.76 440.44 98 175.56 174.8 324.4 823.12 138.6 403 401.08 114.6 135.68 137 137 745.56 590 137 137 137 137 137 81.44 60 60 60 60 60 60 60 60 60 60 60 60 60 59.64 59 59 59 59 59 59 59 59 59 59 59 53.76 54.44 59 59 56.28 53.6 115.48 161 161 161 161 161 161 161
72.28 81.8 84 75.72 84.2 83.12 95 95 95 95 95 108.52 246.76 359.16 219.16 95 95 94.6 87.16 85.2 89.44 89.28 90.84 91 105.92 116.64 90.88 91 91 91 91 91.24 97.28 98 98 632.36 1273.92 98 98 98 99 792.44 264.72 98 98 98 114.12 137 137 130.96 136.8 137 137 137 137 137 94.72 60 60 60 60 60 60 60 94.32 161.56 61.24 60 60 60 60 63.2 61.84 59 59 63.12 63.08 55.08 49.56 57.04 57.12 48 35 37.56 45.88 38.36 35.04 35 85.96 161 161 161 161 161 161.04 165.6
54 55.92 63.12 55.12 71.28 240.36 72.56 78.88 82.36 84.6 94.96 95 95 95 95 95 95 95 84.44 82 84.24 89.68 91 91 538.56 665.72 350.64 658.12 91 91 91 91 101.52 591.32 182.04 128.6 368.12 368 128.48 98 187.48 110.56 98 98.04 98.08 98.04 117.64 116.72 115.88 106.32 114.36 136.04 137 137 137 137 123.88 63.72 60 60 60 60 60 60.04 632.92 854.32 154.04 60 60 60 65.64 67 67.12 62.52 63.76 67.72 68 55.44 35 35 35.12 36.2 35 35 35 35 35 35 51.24 161.08 161.04 161.04 163.8 174.92 176.28 177
54 54 54 54 143.52 562.04 62.6 54 54 54 75.92 86.8 85.44 86.4 85.56 84.28 84.04 86 82.28 82 82 83.2 84.84 89.52 91.24 92.4 218.88 404.56 154.04 239.48 109 113.44 94.92 236.24 107.04 273.4 831.16 620.76 424.96 290.44 672.32 276.92 98.16 98.16 98.32 98.16 98.16 98.32 98.16 98.16 98.32 105.92 123.6 127.8 119.76 137 137 120.04 60.44 60 60 60 60 60 184.88 245.92 60 60 60 61.44 68 68 68 68 68 68 68 54.12 35 35 35 35 35 35 35 35 35 35 37.04 102.6 97.36 104.28 176.92 177 177 177
54 54 54 54 54 54 54 54 54 54 55.16 80.84 82 82 218.88 618.04 82 82 82 82 82 82 86.56 90.96 91 91 91 91 409.4 663.92 729.56 781.48 94.64 168.8 691 135.8 210.84 98 380.24 276.6 98 98.16 98.36 98.36 98.52 98.36 98.36 98.52 98.36 98.36 98.52 98.36 98.36 98.52 98.36 107.44 137 133.52 64.6 60 60 60 60 60 60 60 60 60 60 64.48 68 68 68 68 68 68 68 45.36 35 35 35 35 35 35 35 35 35 35 35 35 35 76.68 175.2 177 177 177
54 54 54 54 54 54 54 54 54 54 62.4 82 82 82 256.36 211.68 82 85.04 85.04 82 87.24 1446.28 370.08 1207.52 91 291.96 1001.6 852.44 1374.92 992 130.92 137.36 95.56 100.64 205.96 99.04 99.12 98.08 98 98 98.28 98.68 98.84 98.84 98.88 98.84 98.84 98.88 98.84 98.84 98.88 98.84 98.84 98.88 98.84 101.68 135.96 96.88 60 60 60 60 60 60 60 60 60 60 64.16 68 68 68 68 68 68 68 65.12 35.24 54.32 93.64 35.08 38.76 35.04 35.08 35.04 35.04 35.08 35.04 35.04 35.08 35.04 35.04 112.76 177 177 177
54 54 54 54 54 54 54 54 54 54 54 80.92 82 82 82 82 82 429.56 740.28 82 303.16 762.16 178.04 627.56 91.08 150.84 549.4 449.04 1416.04 1026.24 91.08 94.28 99.84 100 100 100 100 99.84 99.6 98.84 99 99 99 99 99 99 99 99 99 99 99 99 99 99 99 98.36 77.48 63.12 60 60 60 60 60 60 60 65.32 69.32 66.6 68 68 68 68 68 68 68 69.28 141.72 156.6 203.32 226.76 156.36 237.8 149.24 37.96 35.16 35.16 35.32 35.16 35.16 35.32 35.16 35.16 68.56 177.04 177.04 177.08
54 54 54 54 54 54 54 54 54 54 60.84 82 82 82 82 82 82 82 82 82 262.92 422.88 87.08 91.32 91.16 91.16 91.32 91.16 91.16 91.52 93.56 99.84 100 100 100 100 100 100 100 99.04 99 99 99 99 99 99 99 99 99 99 99 99 99 99 99 72.48 63.44 60.2 60 60 60 60 60 60 64.4 73 73 72.88 69.16 68 68 68 68 68 68 104.72 245.04 245.08 245.04 245.04 245.08 245.04 245.04 155.44 36.96 35.36 35.52 35.36 35.36 35.52 35.36 35.36 35.88 162.28 175.4 177.24
56.24 54.16 54 54 54 54 54 54 54 54 60.2 68.04 64.96 77.04 82 82 240.28 158.24 82 82 272.84 211.16 82.32 89.08 91.52 91.52 91.64 92.08 96.48 99.08 100 100 100 100 100 100 100 102.48 200.04 199.12 101.48 99 99 99 99 99 99 99 99 99 99 99 99 98.56 89 80.8 73 67.84 61.8 60.36 60 60 60 60 67.24 73 73 73 72.72 70 68.04 917.96 162.2 68 92.68 224.16 245.16 245.32 245.16 245.16 245.32 245.16 245.16 245.32 79.28 36 36 36 36 36 36 36 38.2 135.08 162.52 163.72
71 64.48 54 54 54 54 54 54 54 54 54 54 57 79.96 82 82 729.12 468.16 82 82 348.68 267.52 82 89.24 92 92 92.4 97.48 100 100 100 100 100 100 100 100.04 450.88 792.72 883.12 882.96 698.68 575.92 575.6 512.88 261.92 99 99 99 99 99 99 99 92.36 75.52 73 73 73 73 73 71.64 68.32 67.96 66.44 68.56 67.32 73 73 73 73 73 71.32 68.24 68 95.4 229.68 245.52 245.52 245.64 245.52 245.52 245.64 245.52 245.4 230.56 159.68 109.56 62.4 50.44 39 132.16 217.96 212.24 183.6 162 162 162
71 66.04 57 54 54.56 68.2 67.4 61.92 54 54 54 54 64.16 82 82 82 82 82 82 82 82 82 82 83.52 92 92.16 99.24 100 100 100 100 100 100 100 100 131.52 880.72 883.2 879.68 876.96 784.36 883.4 883.2 883.2 756.56 100 100 100 99.76 99.44 99.4 99.08 82.4 73 73 73 73 73 73 73 73 73 73 73 73 73 73 73 73 95.52 159.12 72.28 72.12 187.12 245.88 331.12 394.68 394.8 373.96 310.28 245.88 245.84 244.68 209.16 205 205 205 205 182.44 237 237 237 209.76 162 162 162
71 71 70.96 65.32 63.92 71 71 70.96 69.04 62.68 55.52 54 54 56.92 72.28 82 82 82 82 82 82 82 82 81.04 70.04 67 84.48 100 100 100 100 100 100 100 100 100 190.44 250.64 160.2 100 130.16 438.76 595.4 438.56 283.08 100 100 100 100 100 100 100 98.92 86.68 87.8 93.24 83.56 73 73 73 73 73 73 73 73 73 73 73 73 286.24 554.08 237.6 160.56 187.92 246 347.12 490.6 720.28 764.08 554.24 246 246 243.76 210.6 205.12 205.12 275.88 350.36 219.96 237 237 351.92 232 162 162 178
71 71 71 71 71 71 71 71 71 69.8 63.88 65.36 57 54 65.72 78.28 82 82 82 82 82 82 77.12 61.2 57.08 57.08 64.6 99.96 100 100 100 100 100 100 100 100 100 100 100 100 100 100 100 100 100 100 100 100 100 100 100 100 100 100 100 100 100 96.36 84.52 73 73 73 73 73 73 73 73 73 73 73 73 528.08 341.4 99.6 219.16 246 246 306.64 407.68 246 246 246 281.64 347.84 262.32 205.36 346.52 459.72 211.2 238.56 248.44 647.28 298.48 162.12 642.2 671.64
71 71 71 71 71 71 71 71 71 71 71 71 70.12 65.4 70.96 72.84 75.36 78.84 77.52 76.28 75.96 70.6 57.6 57.32 57.16 57.16 57.32 64.04 75.56 79 79.96 96.72 100 100 100 100 100 100 100 100 100 100 100 100 100 100 100 100 100 100 100 100 100 100 100 100 100 100 99.96 82.28 73 73 73 73 73 73 73 73 73 73 109.28 300.84 583.8 305.68 231.6 489.36 377.4 240.12 201.72 206.76 246 246 381.4 553.2 302.32 205.68 335.2 230.96 673.72 648.96 718.8 237.16 235.24 203.44 527.28 934.28
71 71 71 70.76 70.52 71 71 71 71 71 71 71 71 71 71 71 70.72 68.68 67.96 67.2 60.2 57.68 57.68 57.76 57.68 57.68 57.76 57.68 57.68 57.76 57.68 65.88 99.44 100 100 100 100 100 100 100 100 100 100 100 100 100 100 100 100 100 100 100 100 100 100 100 100 100 100 95.24 75.72 73 73 73 73 73 73 73 73 442.2 1020.6 1179.8 1288.56 1142.84 1021.28 934.12 853.88 731.24 468.48 140.84 211.64 246 216.48 232.84 206 239.76 855.08 388.8 400.16 390.84 253.92 237.68 271.4 712.64 346.72 199.8
59.48 54.32 60.84 55 53.2 65.52 69.76 71 71 186.84 134.72 71 71 71 71 71 70.16 58.16 58 58 58 58 58 58 58 58 418.8 346.56 58 58 58 58 80.84 95.44 100 100 100 100 100 100 100 100 100 100 100 100 100 100 100 100 100 100 100 100 100 100 100 100 100 100 99.92 85.08 73 73 73 73 73 73 166.12 714.16 1298.84 1299.08 1078.76 1110.84 953.52 962.08 761.04 737.72 741.52 395.32 929.72 517.88 925.04 1098 696.6 206 210.24 238 238.16 2732.68 1065.68 355.56 717.56 392.72 565.8 737.28
53 53 53 53 53 53 56.72 71 71 652.08 461.12 71 71 71 71 71 70.88 59.12 58 58 58 58 58 58 58 58 141.12 118.4 58 58 58 58 58 63.4 100 100 100 100 100 100 100 100 100 100 100 100 100 100 100 100 100 100 100 100 100 100 100 99.16 100 100 100 82.32 73 70.4 71.8 71.72 72.24 102.8 482.4 595.64 957.48 1110.36 987.96 742.8 881.84 784.2 423.48 358.76 198.84 100.32 303.6 657.68 1084.72 1158.36 707.48 445.24 355.6 247.32 230.96 238 238 271.04 392.64 272.48 629.28 744.52
54.32 53 53 53 53 53 55.04 70.92 71 71 71 71 71 70.84 71 69.44 60.56 58 58 58 58 58 58 58 58 58 58 58 58 58 58 785.28 347.76 78.64 100 100 100 100 100 100 100 100 100 100 100 100 100 100 100 100 100 100 100 100 100 100 81.08 26.56 61.52 94.28 90.8 47.4 30.6 23.04 25.96 26 31.48 372.12 536.08 536.04 536.04 536.08 536.04 254.76 264.08 198.96 73 73 73 73 73 73 530.64 948.52 235.32 209.68 552.04 236.4 915.44 443.16 238 1913.64 372.88 251.36 299 299.08
61.12 53 53 53 53 53 53 57.12 67.48 68.88 68.52 66.48 61.36 58.6 62.52 58.36 58 58 58 58 58 58 58 58 61.84 61.84 58 228.56 368.48 72.56 58 198.12 90.88 72.92 100 100 100 100 100 100 100 100 100 100 100 100 100 100 100 100 100 60.48 73 100 100 100 47.88 25.68 23 23.2 23.6 23 23 23 23 23 23 54.32 233.88 508.84 536.12 536.24 530.32 116 73 73 73 73 73 73 73 73 179.08 278.36 629.44 172.64 429.32 588 145 136.64 147.12 147.24 142.08 57.44 81.04 120.16
54.52 53 53 53 53 53 53 53 53.16 53.04 53 54.44 58 58 58 58 58 58 58 58 58 58 58 164.4 493.12 442.84 58 241.52 420.44 120.68 77.76 58 65.84 423.44 150.28 100 100 98.88 91.28 100 100 100 100 100 100 100 100 100 100 100 97.16 28.88 49.08 100 100 95 26.16 25.92 23.36 23 23 23 23 23 23 23 23 23 23 233.72 534.4 536.4 525.2 94.16 71.12 64.8 72.6 71.6 72.68 73 73 67.36 151.8 212.64 305.48 170.04 358.4 473.64 170 170 170 170 579.68 471.04 1308.64 679.16
53 53 53 53 53 53 53 53 53 53 53 53.08 56.12 58 58 58 58 58 58 58 58 58 58 625.56 243.48 58 72.88 103.04 121 121 102 58 66.72 431 152.16 100 89.56 52.28 43.36 79.16 73.48 88.88 80.84 60.56 59.36 57 75.68 97 87.52 99.8 64.4 26 57.24 100 100 68.04 26.04 26 24.68 23 23 23 23 23 23 23 23 23 23 23 397.32 78.56 114.84 42.16 23.92 13 14.24 13.2 29.12 45.08 28.96 15.48 32.52 96.04 49.24 162.96 170 170 170 170 170 170 164.8 91.04 89.64 81.4
53 53 53 53 53 53 53 53 53 53 53 53 53.12 56.36 58 58 58 58 58 58 58 58 58 58 59.52 95.36 118.48 121.08 121.08 121.16 120.68 76.68 89.36 93.4 79.48 72.6 51.4 43 43 43 43 43 43 43 43 43 43.48 48.48 43 46.56 34.12 26 39.64 56.4 45 27.2 24.8 23.64 23.04 23 23 23 23 23 23 23 23 23 23 23 25.76 13.6 13 13 13 13 13 13 13 13 13 13 13 13 13 132.4 170 170 170 170 170 170 110.36 501.52 478.12 806.6
53 53 53 53 53 53 53 53 53 53 53 53 53 53.36 57.48 58 58 58 58 58 58 58 58 58 61.76 121.16 121.32 157 226.8 149.04 121.16 121.16 121.32 121.16 94.2 44.48 43 43 43 43 43 43 43 43 43 43 43 43 43 43 38.32 26.32 26 26 26 25.96 24.28 23 23 23 23 23 23 23 23 23 23 23 23 23 22.56 13.32 13 13 13 13 13 13 13 13 13 13 13 13 13 82.44 170 170 170 170 170 144.12 53.04 51 51 83.12
53 53 53 53 53 53 53 53 53 53 53 53 53 53 54.92 58 58 58 58 58 58 58 58 58 89.04 121.68 121.76 274.52 287.52 128.68 121.68 121.68 121.76 121.68 121.68 89.24 63.16 70.52 48.6 43 43 43 43 43 43 43 43 43 43 43 43 30.8 26 26 26 25.68 23 23 23 23 23 23 23 23 23 23 23 23 23 23 22.68 13.68 13 13 13 13 13 13 13 13 13 13 13 13 13 14.44 130.36 170.04 170.04 170.08 170.04 96.76 51 51 51 51
47.8 53 53 53 53 53 53 53 53 53 53 53 53 53 53 54.48 58 58 58 58 58 58 58 58 115.48 122 122 182.88 141.92 122 122 122 122 122 122 109.48 93 93 62.72 43 43 43 43 43 43 43 43 43 43 43 41.16 26.56 26 26 26 25.16 23 23 23 23 23 23 23 23 23 23 23 23 23 23 23 16.04 13 13 13 13 13 13 13 13 13 13 13 13 13 13 46.36 105.12 101.4 84.84 87.68 57.88 51 51 51 51
35.12 41.48 49.52 53 53 53 53 53 53 53 53 53 53 53 53 53.76 58 58 58 58 58 58 58 63.44 118.72 391.8 685.64 122 122 122 122 122 115.08 106.08 101.6 93.08 93 85.4 49.56 43 43 43 43 43 43 43 43 43 43 43 34.56 26 26 26 25.96 23.6 23 23 23 23 23 23 23 23 23 23 23 23 23 23 17.16 13.2 13 13 13 13 13 13 13 13 13 13 13 13 13 15.52 40.96 51 51 51 51 51 51 51 51 51
35 35 35.16 44.44 52.68 53 53 53 53 53 53 53 53 53 53.12 55.36 58 58 58 58 58 58 58 89.44 122 133.24 170.56 122 122 122 122 122 99.08 93 93 93 93 88.24 51.72 43 43 43 43 43 43 43 43 43 43 43 40.96 26.2 26 26 24.8 23 23 23 23 23 23 23 23 23 23 23 23 23 23 22.68 13.28 13 13 13 13 13 13 13 13 13 13 13 13 13 13 23.88 51 51 51 51 51 51 51 51 51 51
35 35 35 35 40.12 43.56 50.36 53 53 53 53 53 53 53 56 58 58 58 58 58 58 58 58 85.72 122 122 122 122 122 122 122 122 101.84 93 93 93 93 93 85.84 43.04 43 43 43.4 163.16 43.04 43 43 43 43 43 37.08 26 26 26 25.8 25.16 23.2 23 23 23 23 23 23 23 22.12 18.56 22.4 23 23 19.72 13.08 13 13 13 13 13 13 13 13 13 13 13 13 13 13 31.68 51 51 51 51 51 51 51 51 51 51
35 35 35 35 35 35 35.92 51.76 53 53 53 53 53 53 56.8 58 58 58 58 58 58 58 58 60.32 117.72 122 122 122 122 122 122 122 101.8 93 93 93 93 93 93 66.96 58.56 68.2 137.04 785.36 118.52 43 46.6 45.4 43 43 35.36 26 26 26 26 25.48 23.04 23 23 23 23 23 23 22.48 17.04 16 16.24 19.68 22.2 18.68 15.48 14.32 13.76 13 13 13.48 13.16 13 13 13 13 13 13 13 18.04 44.4 51 51 51 51 51 51 51 51 51 51
35 35 35 35 35 35 35 38.44 44.16 51.08 53 53 53 53.2 56.36 58 58 58 58 58 58 58 58 59.16 118.92 122 122 122 122 122 122 114.2 93.04 93 93 93 93 207.44 474.4 205.48 93 93 64 43 43 73.24 615.36 161.24 43 39.4 26.04 26 26 26 26 25.68 23 23 23 23 23 23 23 21.88 16 16 16 16 16 16 16 16 15.84 14.8 15.36 15.88 13.56 13 13 13 13 13 13 13 26.84 51 51 51 51 51 51 51 51 51 51 51
35 35 35 35 35 35 35 35 39.2 52.24 53 53 53 53.04 54.68 57.76 58 58 58 58 58 58 65.56 71.6 108.72 122 122 122 122 122 122 100.04 93 93 93 93 93 422.52 554.64 157.76 93 93 91.96 48.8 43 43 100.96 43 43 43 36.88 39.32 29.24 26 26 26 23.36 23 23 23 23 23 23 21.32 16 16 16 16 16 16 16 16 16 16 16 14.8 13 13 13 13 13 13 13.2 19.36 13.08 34.4 45.28 48.72 51 44.2 29.8 27.12 35.64 43.8 37.72 41.72
35 35 35 35 35 35 35 35 48.76 71.36 780.32 187.48 53 53 54.04 57.96 58 59 62.44 58.08 58 61.56 117.84 122 121.96 106.4 84.24 91 118.8 122 113.16 93 93 93 93 93 93 93 93 93 93 93 85.76 43 43 43 43 43 43 43 43 43 37.32 26.16 26 26 25.44 23.72 23 23 22.52 19.4 19.44 19.04 16 16 16 16 16 16 16 16 16 16.24 24.96 49.68 47.28 27.68 13 13.44 24.16 41.88 55.28 60.72 43.92 19 19 19.68 25.84 20.24 19 19 19 18.12 14 14
34.48 35 35 35 35 35 35 35 40.56 51.8 112.44 53.2 53 56.84 68.96 67.8 63.64 66.04 70 67.08 58.04 118.52 184.16 112.92 87.92 70 70 70 89.52 94.12 64.52 89.32 93 93 93 93 93 93 93 93 93 93 90 69.4 43 43 43 43 43 43 43 43 43 40.16 29.6 26.04 26 25.92 23.44 23.24 19.8 16.72 16 16 16 16 16 16 16 16 16 16 53.84 74.64 61 61 61 60.8 44 53.36 61 61 61 61 57.64 39.04 19 19 19 19 19 19 19 17.96 14 14
18.28 35 35 35 35 35 35 35 35 43.28 58.44 68.12 57.48 53 63.68 70 70 70 70 70 63.88 536.68 624.76 70 70 70 70 70 70 59.52 47 51.28 68.84 87.92 93 93 93 93 93 93 93 93 93 65.32 41.8 42.16 41.64 42.72 43 43 42.92 42.28 42.68 41.8 41.2 28.96 26 26 24.64 63.52 75.08 16 16 16 16 16 16 16 16 16 16 39.32 97.24 96.56 93.64 95.16 81.72 61 61 61 61 61 61 61 61 60.32 19.72 19 19 19 19 19 19 18.44 14 14
22.76 35 35 35 35 35 35 35 35 35 47.6 70 70 64.8 69.76 70 70 70 70 70 70 70 70 70 70 70 70 69.76 57.84 47.04 47 47 47 52.24 62.52 69.08 89.52 89.2 60.6 52.24 74.84 92.8 69.28 42.28 41 41 41 41.64 42.56 42.36 41.28 41 41 41 41 33.24 26 31.96 84.36 90.08 78.36 16 16 16 16 16 16 16 16 16 21.48 82.4 98 98 98 98 97.88 88.6 70.56 61 61 61 61 61 61 61 20.88 19 19 19 19 19 19 19 14.16 14
19.84 30.6 30.88 32.76 34.88 35 35 35 35 35 38.96 68.36 70 70 70 70 70 70 70 70 70 70 70 70 70 70 70 58.24 47 47 47 47 47 47 47 47 49.68 48.16 47 47 47 49.84 41.2 41 41 41 41 41 41 41 41 41 41 41 41 39.36 58.64 53.6 90.16 90.32 47.2 17.16 46.52 33.36 16 16 16 16 16 24.8 89.96 98 98 98 98 98 98 84.76 69.44 61 61 61 61 61 61 58.96 19.08 19 19 19 19 19 19 18.92 14.36 14
8.96 25.92 27 27 27.36 28.8 30.52 34.44 35 35 35 38.04 54.2 70 70 70 70 70 70 70 70 70 70 70 70 70 70 56.2 47.12 47 47 47 47 47 47 47 47 47 47 47 45.48 41 41 41 41 41 41 41 41 41 41 41 41 41 41 41 86.68 90.52 90.52 90.64 81.72 82.44 90.64 79.16 19.76 16 16 16 16 16.64 73.64 98 98 98 98 98 96.84 61.24 61 61 61 61 61 61 61 60.68 29.28 19 19 19 19 19 19 19 18.48 15.72
8 11.96 27 27 27 27 27 29.4 35 35 35 35 35 59.04 70.08 70.04 70.04 70.12 132.44 190.12 70.08 70.04 70.04 70.08 70.04 70.04 70.08 70.04 66.12 55.4 47 47 47 47 47 47 47 47 47 47 44.6 41 41 41 41 41 41 41 41 41 41 41 41 41 41 41 76.64 90.84 90.84 90.88 90.84 90.84 90.88 90.84 38.2 16 16 16 16 16 62.24 98 98 98 98 98 79.96 61 61 61 61 61 61 61 61 61 61 58.36 53.76 42.56 21.96 19 19 19 19 19
8 8 14.28 26.8 27 27 27 27 33.24 35 35 35 35 56.12 70.32 70.16 70.16 206.92 555.68 519.04 70.32 70.16 70.16 70.32 70.16 70.16 70.32 70.16 70.16 70.24 57.56 47 47 47 47 47 47 46.28 44.52 45.24 43.56 41 41 41 41 41 41 41 42.68 41 41 41 41 41 41 41 60.84 91 91 91 91 91 91 91 72.04 19.12 16 16 16 16 47.92 98 98 98 98 98 83.36 61 61 61 61 61 61 61 61 61 61 61 61 61 49.72 19 19 19 18.88 16.12
8 8 8 17.24 23.92 23.16 26.48 27 32.48 35 35 35 35 42.4 70.24 70.36 70.36 70.52 185.12 202.96 70.52 70.36 70.36 70.52 70.36 70.36 70.52 70.36 70.36 70.52 68.44 47.32 47 47 47 47 47 46.64 42.04 41 41 41 41 41 41 41 144.68 310.76 383.12 266.16 41 41 41 41 41 41 52.8 91 91 91 91 91 91 91 91 34.88 16 16 33.6 300 119.36 98 98 98 98 98 81.72 61 61 61 61 61 61 61 61 61 61 61 61 61 60.96 31 19 18.88 15.28 14
8 8 8 8 14.84 11.32 12.32 27 27.84 34.56 35 35 33.8 32.64 39.72 45.84 47.4 67.84 70.68 70.68 70.76 70.68 70.68 70.76 70.68 70.68 70.76 70.68 70.68 62.44 48.36 47 47 47 47 47 47 47 44.36 41 41 41 41 41 41 41 41 201.28 409 290.16 41 41 41 41 41 41.24 80.36 91 91 91 91 91 91 91 91 53.8 16.76 43.56 334.64 339.24 127.48 98 98 98 98 98 92.36 61 61 61 61 61 61 61 61 61 61 61 61 61 61 54.16 19 25.36 38.12 32.72
8 8 8 8 20.68 27 26.44 27 27 32.04 35 34.84 27.52 27 27 27 27 31.36 56.84 71 71 71 71 71 71 71 71 71 71 55.48 47 47 47 47 47 47 47 47 46.84 44.72 41.6 41 41 41 41 41 41 41 41 41 41 41 41 41 41 53.04 91 91 91 91 91 91 91 91 91 274.6 446.12 453.2 453.4 437.48 443.6 166.64 584.44 181.52 553.4 150.76 91.6 61 61 61 62.92 118.84 64.76 61 61 225.4 170.12 61 61 61 61 60.68 39.84 42.6 56 56
8 8 8 8 15.2 27 27 27 27 29.44 30.84 29.92 27 27 27 27 27 27 27.4 57.12 71 71 71 71 71 71 71 71 70.88 48.76 47 47 47 47 47 47 47 47 47 47 46.84 45.64 45.24 42.04 41 41 41 41 41 41 41 41 41 41 41 53.88 91 91 91 91 91 141.16 123.8 91 91 106.64 162.96 507.08 549.72 453.68 453.68 403.8 786.24 166.96 677.84 632.2 96.36 62.56 61 61 533.68 1201.44 785.12 135.12 448.36 456.16 332.04 61 61 61 61 61 61 56.96 55.68 56
8 8 8 8 9.48 26.96 27 27 27 27 27 27 27 27 27 27 27 27 27 27.16 47.68 71 71 71 71 71 71 71 71 57.52 47 47 47 47 47 47 47 47 47 47 47 47 47 46.08 41 41 41 41.28 43 45.12 46.16 44.16 41.8 41 41 72 91 91 91 222.36 415.96 462.32 186.84 394.84 229.96 91 291.84 922.84 796.52 492.48 454 448.8 110.92 112.04 98 173.36 375.48 208.84 60.68 53.48 184.52 279.56 100.72 112.96 379.72 61.24 61 61 60.8 59.6 61 60.04 52.96 47.96 45.28 55.28
